intrinsic
600 0 320 0 600 240 0 0 1
gt_landmarks
0 5.9688 5.66198 19.6547
1 1.0794 -4.44451 21.1592
2 0.268018 -2.70431 22.2809
3 2.13938 -7.16795 21.3871
4 -1.98111 -6.86642 20.3003
5 -4.07937 2.2528 21.2442
6 9.4555 -0.12834 20.3927
7 5.39828 0.5349 20.9807
8 -2.95083 -4.33371 20.8946
9 3.26454 -6.15572 19.137
10 -9.59954 -8.71657 19.6953
11 9.41268 -5.2344 19.2816
12 5.20497 -2.49586 20.2905
13 -9.21439 0.632129 22.0818
14 4.41905 8.6162 20.7306
15 -2.91903 2.79958 20.9854
16 7.6015 -1.19791 19.101
17 7.86745 -5.42064 19.498
18 1.7728 9.12937 21.3398
19 8.4794 -1.2088 20.9052
20 8.21944 3.68437 21.2236
21 8.40257 9.00505 18.502
22 -4.37881 2.39193 19.0639
23 -5.47787 -1.05933 19.319
24 -1.66997 1.12888 19.4027
25 8.70008 9.69503 21.6146
26 -2.62673 4.99542 19.0259
27 -5.11175 1.68977 19.0068
28 5.86941 -7.4905 20.4701
29 9.00208 -8.5094 20.5062
30 -5.19875 -6.47579 20.0319
31 9.3481 3.13127 20.6515
32 -7.30195 -8.13039 21.2807
33 -5.9069 -8.60187 19.1787
34 5.11162 1.46637 21.3172
35 -2.1662 -6.73737 18.7772
36 -0.948483 1.5886 20.7652
37 5.14588 0.61616 19.3642
38 2.5782 4.95619 21
39 4.87622 9.58868 20.0618
40 6.60024 -6.72064 19.9656
41 -5.41726 2.58959 18.7433
42 -5.37144 -3.42446 18.9468
43 3.02264 -5.52687 20.2014
44 0.922138 -4.39916 20.4836
45 1.8508 -0.570331 19.4035
46 6.95369 -3.27298 19.9265
47 -5.32217 6.66487 21.073
48 -3.90089 -0.361284 19.8025
49 -9.18271 2.43646 19.1362
50 2.7528 3.47873 21.687
51 2.54316 2.18212 18.9273
52 -5.95574 4.80877 19.1122
53 -4.85469 3.06261 20.2331
54 7.54768 -4.79006 19.1317
55 -2.76798 -7.77449 19.3905
56 -4.22444 3.33113 21.8412
57 -6.20498 -3.40716 19.2659
58 -1.27006 -6.23598 19.4937
59 3.71572 -7.57714 20.7708
60 8.32546 8.86103 21.3254
61 0.960841 5.87314 19.6732
62 7.47958 8.19286 20.5629
63 -4.52178 -6.74487 22.7421
64 6.97884 -0.726757 19.9766
65 3.68357 -6.39158 18.1324
66 -0.151566 2.06218 19.3263
67 -5.56069 -6.43585 20.5052
68 -2.79115 -7.23523 18.946
69 2.44191 8.16969 20.4913
70 -3.30057 -0.0785116 20.3791
71 -4.82188 2.17766 21.6345
72 -4.23461 -2.72803 20.2957
73 8.68989 -1.45345 19.3523
74 5.23556 3.17493 18.4269
75 2.51331 7.66073 18.7728
76 -1.47601 1.15121 18.5391
77 -3.47973 -5.11346 19.6307
78 -3.23514 9.69689 20.8171
79 -7.70664 -4.12644 20.6778
80 -1.0179 -9.01675 20.4106
81 -8.12161 7.30362 19.8674
82 3.1424 -3.96474 19.7612
83 -8.93155 -8.96983 19.697
84 -1.1488 3.84153 21.4873
85 0.597984 1.5727 20.2268
86 7.77447 -3.91429 18.2778
87 0.514942 2.19458 18.7188
88 6.59617 -5.32688 21.3689
89 -4.18343 6.53539 18.4576
90 6.29817 -3.11498 20.8623
91 5.56515 -4.85062 19.7342
92 -5.57981 -3.83687 21.0782
93 3.4921 -7.80535 20.4626
94 -1.97625 -5.99295 20.7109
95 -2.28504 -5.38008 19.3473
96 -9.70841 1.10795 18.7959
97 4.74815 -3.89184 18.5354
98 8.39182 1.04633 20.8008
99 -3.76099 3.95696 20.9773
100 2.85385 2.36894 21.2104
101 4.37734 -2.75691 17.5135
102 -9.34215 -6.94248 20.6053
103 2.37917 -6.24767 20.1798
104 -9.88582 -9.97749 20.5951
105 7.1511 3.10736 18.9214
106 7.58019 3.34681 19.481
107 -6.2747 7.70028 18.6817
108 3.51308 6.57915 20.0124
109 0.947942 7.37848 21.5623
110 8.53152 -5.33762 20.1906
111 1.05137 -0.111862 20.7322
112 9.906 3.14402 20.374
113 1.78313 7.48619 19.8137
114 5.8982 5.50843 21.2885
115 -6.66091 -0.588716 20.653
116 3.28829 7.46043 20.3888
117 2.91203 1.93798 21.7674
118 -9.34073 1.58043 18.8306
119 0.300982 6.65218 20.1714
120 -9.03001 0.206981 19.9734
121 -0.957552 2.75313 19.5638
122 -1.86467 -5.05935 19.7356
123 -1.06515 1.65365 21.2936
124 -8.51479 -8.82554 20.1861
125 -5.60424 -5.54795 21.1774
126 -0.742955 4.75877 20.6645
127 8.97822 9.05325 21.1485
128 0.73485 -3.32862 20.2237
129 -0.676628 8.99641 19.8793
130 5.32895 5.60448 19.8236
131 9.2701 5.23225 19.7525
132 1.08896 1.21569 19.0241
133 -2.7979 -0.440782 18.8109
134 2.13084 -5.78617 20.6463
135 1.85384 2.9304 18.7962
136 1.21744 -8.82279 20.9142
137 -3.12317 -9.62178 18.4535
138 8.66545 7.74394 21.3864
139 5.90463 -0.245586 19.7982
140 -4.14222 -6.89327 20.3231
141 4.95276 7.98863 19.6963
142 -7.55348 8.93281 18.2391
143 8.49079 4.37333 20.325
144 -5.94046 -6.65669 19.416
145 -5.44896 -7.46662 18.8757
146 -7.98286 8.30441 22.1058
147 -0.0713807 -2.12508 19.3362
148 8.24781 -5.11863 18.2498
149 -1.36313 -9.30567 18.6765
150 9.9594 -2.87234 20.582
151 3.23583 -5.98106 20.0273
152 2.93424 7.78687 18.9555
153 6.0666 5.33402 19.5902
154 -3.74121 8.08374 21.062
155 -6.21873 6.18741 19.175
156 -6.8545 -7.97092 19.4035
157 -8.83895 1.78237 19.4404
158 -6.62326 1.74022 18.3243
159 8.52135 6.31098 19.2899
160 -5.49529 4.58795 22.5219
161 -9.66699 0.763506 20.7714
162 0.452573 -5.88572 19.8018
163 2.90268 3.59808 18.3735
164 -3.34216 4.06372 18.3256
165 3.67148 -4.83777 20.6853
166 3.3592 -3.57045 20.3064
167 -4.87544 -4.99579 21.1955
168 2.22822 7.79625 20.0268
169 4.73494 9.17914 21.3167
170 -9.52274 -9.12169 18.7546
171 4.16525 -4.14229 19.9949
172 -8.43484 -0.650583 20.0309
173 -9.13211 8.46762 19.9268
174 2.22482 4.2271 19.8346
175 5.14564 -0.481053 19.8875
176 8.45144 4.87454 21.5838
177 -7.97039 8.9287 20.109
178 -8.09915 6.19486 19.0758
179 8.75428 -6.53399 19.1437
180 6.90546 9.62217 19.6635
181 -1.31204 -0.869716 21.2881
182 -7.40048 2.00984 18.6881
183 3.19755 -7.26088 19.7932
184 0.577697 3.36651 18.6283
185 -7.55828 5.36411 20.3595
186 -5.76869 -2.014 20.0182
187 -1.32483 -3.83506 18.7845
188 5.60501 -8.31631 19.8917
189 7.34395 8.20453 20.6729
190 -7.80951 8.55732 18.6872
191 4.00679 2.76819 21.4392
192 1.55357 6.44852 17.6722
193 -8.05019 -2.36225 19.4586
194 8.68362 4.94554 19.5537
195 2.70408 4.28863 20.2672
196 1.57625 0.0480253 22.3306
197 -7.12117 -7.21998 20.5619
198 4.70623 6.88562 20.5944
199 -7.88847 -3.74021 20.5411
200 -4.24527 -6.00552 18.2472
201 0.138293 -5.56165 20.436
202 2.8904 1.22015 19.5637
203 2.58719 3.47992 19.6602
204 -9.43095 5.46602 20.4126
205 5.48865 5.27528 21.7478
206 -6.54556 7.60017 19.5968
207 -2.42579 -1.13915 19.5225
208 7.3888 -3.48577 19.2475
209 4.99438 6.11578 19.1412
210 -4.55621 -2.11523 18.3338
211 -1.35602 8.03097 19.3227
212 -0.567224 -0.786967 20.3495
213 1.53442 -5.07858 19.0269
214 -0.39689 4.98886 19.2804
215 -7.33224 7.17732 18.6086
216 8.01544 -9.94344 19.112
217 3.75054 3.00981 20.8893
218 6.57093 -0.683305 22.0212
219 -6.13015 -1.89465 20.3217
220 -3.52297 3.47296 19.7356
221 2.80736 -0.855207 20.449
222 -9.88314 0.822792 19.6728
223 -1.11805 3.86741 19.184
224 -3.01352 -5.6169 20.7064
225 -8.99067 -3.1296 17.296
226 -2.81507 -6.39727 18.1804
227 5.72373 3.66197 21.1344
228 -7.9322 -1.46891 18.9877
229 7.38179 -7.81533 20.4114
230 -2.08632 -3.73626 20.4047
231 9.40084 4.90017 21.7528
232 -5.60293 -6.32398 19.9101
233 -0.770222 -8.52724 20.5688
234 6.71065 2.03654 18.9761
235 3.4512 6.06453 18.622
236 8.61709 -2.83529 17.6514
237 -4.25621 -6.23504 19.8067
238 -9.27008 4.97357 18.6165
239 -4.29702 7.44057 19.116
240 2.48119 9.15419 21.92
241 9.92083 -9.82863 19.0477
242 -4.70752 -8.0143 20.6394
243 4.59403 -6.27943 19.3642
244 7.72689 -9.76639 20.6543
245 8.50757 -7.03539 20.4686
246 0.954457 -4.48232 20.8066
247 -7.74178 -5.54044 20.304
248 -0.775005 0.915689 21.1179
249 -6.24614 -6.51729 20.483
250 2.5576 8.34789 19.2832
251 -2.42402 0.347815 21.3404
252 3.00131 -9.64005 21.9454
253 7.90707 0.402365 21.5102
254 -0.712142 4.47951 20.7697
255 -3.31968 -3.49646 19.4345
256 -9.50849 -5.12945 18.8893
257 -2.29437 -5.75463 19.7578
258 -7.10108 -9.73677 19.5562
259 -5.06021 0.474907 20.2077
260 6.88226 7.94111 20.2293
261 -0.463 4.78933 19.5411
262 7.6145 8.82486 19.92
263 -4.43991 -5.70518 18.6632
264 1.73073 -3.9484 18.2122
265 3.07519 9.43636 20.0421
266 -3.55098 0.310637 19.5345
267 0.674233 7.28389 21.3386
268 -3.5249 9.01771 19.1236
269 0.354445 5.74394 19.4529
270 -7.2231 5.68284 19.8691
271 -9.8424 1.94227 19.0041
272 5.8184 0.454578 19.8876
273 -6.12872 -5.04075 18.2333
274 3.56322 -5.76428 20.7453
275 2.91288 -3.88025 20.9656
276 -2.36795 -3.5461 20.4622
277 9.62907 8.65432 19.6769
278 -7.71602 8.13929 21.7652
279 1.74394 4.264 19.6881
280 1.46244 -3.71914 19.54
281 7.29746 3.26503 19.9372
282 -7.97753 -7.44515 19.2598
283 -7.15421 -8.34846 19.3472
284 1.28503 -7.11064 20.8394
285 -1.03355 1.98581 19.6145
286 -6.84891 -9.28961 19.6719
287 6.55229 4.61353 19.2312
288 -7.09254 3.84975 19.5992
289 0.152343 -3.19359 20.5917
290 -3.25699 -8.64784 18.9859
291 -4.86653 -7.87456 19.6689
292 1.1729 -2.89263 19.8472
293 0.947199 4.32399 19.5425
294 1.16395 -2.50051 19.6369
295 -9.12217 -9.87149 19.0179
296 4.79588 -2.78172 18.6042
297 -5.8744 2.93681 18.3709
298 -0.377517 -2.13805 20.219
299 5.37609 3.83491 19.9265
noise_landmarks
0 0 0 10
1 0 0 10
2 0 0 10
3 0 0 10
4 0 0 10
5 0 0 10
6 0 0 10
7 0 0 10
8 0 0 10
9 0 0 10
10 0 0 10
11 0 0 10
12 0 0 10
13 0 0 10
14 0 0 10
15 0 0 10
16 0 0 10
17 0 0 10
18 0 0 10
19 0 0 10
20 0 0 10
21 0 0 10
22 0 0 10
23 0 0 10
24 0 0 10
25 0 0 10
26 0 0 10
27 0 0 10
28 0 0 10
29 0 0 10
30 0 0 10
31 0 0 10
32 0 0 10
33 0 0 10
34 0 0 10
35 0 0 10
36 0 0 10
37 0 0 10
38 0 0 10
39 0 0 10
40 0 0 10
41 0 0 10
42 0 0 10
43 0 0 10
44 0 0 10
45 0 0 10
46 0 0 10
47 0 0 10
48 0 0 10
49 0 0 10
50 0 0 10
51 0 0 10
52 0 0 10
53 0 0 10
54 0 0 10
55 0 0 10
56 0 0 10
57 0 0 10
58 0 0 10
59 0 0 10
60 0 0 10
61 0 0 10
62 0 0 10
63 0 0 10
64 0 0 10
65 0 0 10
66 0 0 10
67 0 0 10
68 0 0 10
69 0 0 10
70 0 0 10
71 0 0 10
72 0 0 10
73 0 0 10
74 0 0 10
75 0 0 10
76 0 0 10
77 0 0 10
78 0 0 10
79 0 0 10
80 0 0 10
81 0 0 10
82 0 0 10
83 0 0 10
84 0 0 10
85 0 0 10
86 0 0 10
87 0 0 10
88 0 0 10
89 0 0 10
90 0 0 10
91 0 0 10
92 0 0 10
93 0 0 10
94 0 0 10
95 0 0 10
96 0 0 10
97 0 0 10
98 0 0 10
99 0 0 10
100 0 0 10
101 0 0 10
102 0 0 10
103 0 0 10
104 0 0 10
105 0 0 10
106 0 0 10
107 0 0 10
108 0 0 10
109 0 0 10
110 0 0 10
111 0 0 10
112 0 0 10
113 0 0 10
114 0 0 10
115 0 0 10
116 0 0 10
117 0 0 10
118 0 0 10
119 0 0 10
120 0 0 10
121 0 0 10
122 0 0 10
123 0 0 10
124 0 0 10
125 0 0 10
126 0 0 10
127 0 0 10
128 0 0 10
129 0 0 10
130 0 0 10
131 0 0 10
132 0 0 10
133 0 0 10
134 0 0 10
135 0 0 10
136 0 0 10
137 0 0 10
138 0 0 10
139 0 0 10
140 0 0 10
141 0 0 10
142 0 0 10
143 0 0 10
144 0 0 10
145 0 0 10
146 0 0 10
147 0 0 10
148 0 0 10
149 0 0 10
150 0 0 10
151 0 0 10
152 0 0 10
153 0 0 10
154 0 0 10
155 0 0 10
156 0 0 10
157 0 0 10
158 0 0 10
159 0 0 10
160 0 0 10
161 0 0 10
162 0 0 10
163 0 0 10
164 0 0 10
165 0 0 10
166 0 0 10
167 0 0 10
168 0 0 10
169 0 0 10
170 0 0 10
171 0 0 10
172 0 0 10
173 0 0 10
174 0 0 10
175 0 0 10
176 0 0 10
177 0 0 10
178 0 0 10
179 0 0 10
180 0 0 10
181 0 0 10
182 0 0 10
183 0 0 10
184 0 0 10
185 0 0 10
186 0 0 10
187 0 0 10
188 0 0 10
189 0 0 10
190 0 0 10
191 0 0 10
192 0 0 10
193 0 0 10
194 0 0 10
195 0 0 10
196 0 0 10
197 0 0 10
198 0 0 10
199 0 0 10
200 0 0 10
201 0 0 10
202 0 0 10
203 0 0 10
204 0 0 10
205 0 0 10
206 0 0 10
207 0 0 10
208 0 0 10
209 0 0 10
210 0 0 10
211 0 0 10
212 0 0 10
213 0 0 10
214 0 0 10
215 0 0 10
216 0 0 10
217 0 0 10
218 0 0 10
219 0 0 10
220 0 0 10
221 0 0 10
222 0 0 10
223 0 0 10
224 0 0 10
225 0 0 10
226 0 0 10
227 0 0 10
228 0 0 10
229 0 0 10
230 0 0 10
231 0 0 10
232 0 0 10
233 0 0 10
234 0 0 10
235 0 0 10
236 0 0 10
237 0 0 10
238 0 0 10
239 0 0 10
240 0 0 10
241 0 0 10
242 0 0 10
243 0 0 10
244 0 0 10
245 0 0 10
246 0 0 10
247 0 0 10
248 0 0 10
249 0 0 10
250 0 0 10
251 0 0 10
252 0 0 10
253 0 0 10
254 0 0 10
255 0 0 10
256 0 0 10
257 0 0 10
258 0 0 10
259 0 0 10
260 0 0 10
261 0 0 10
262 0 0 10
263 0 0 10
264 0 0 10
265 0 0 10
266 0 0 10
267 0 0 10
268 0 0 10
269 0 0 10
270 0 0 10
271 0 0 10
272 0 0 10
273 0 0 10
274 0 0 10
275 0 0 10
276 0 0 10
277 0 0 10
278 0 0 10
279 0 0 10
280 0 0 10
281 0 0 10
282 0 0 10
283 0 0 10
284 0 0 10
285 0 0 10
286 0 0 10
287 0 0 10
288 0 0 10
289 0 0 10
290 0 0 10
291 0 0 10
292 0 0 10
293 0 0 10
294 0 0 10
295 0 0 10
296 0 0 10
297 0 0 10
298 0 0 10
299 0 0 10
gt_poses
0 6.12323e-17 1 0 0 -1 6.12323e-17 0 0 0 0 1 1.6
1 6.12323e-17 1 0 0.5 -1 6.12323e-17 0 0 0 0 1 1.6
2 6.12323e-17 1 0 1 -1 6.12323e-17 0 0 0 0 1 1.6
3 6.12323e-17 1 0 1.5 -1 6.12323e-17 0 0 0 0 1 1.6
4 6.12323e-17 1 0 2 -1 6.12323e-17 0 0 0 0 1 1.6
5 6.12323e-17 1 0 2.5 -1 6.12323e-17 0 0 0 0 1 1.6
6 6.12323e-17 1 0 3 -1 6.12323e-17 0 0 0 0 1 1.6
7 6.12323e-17 1 0 3.5 -1 6.12323e-17 0 0 0 0 1 1.6
8 6.12323e-17 1 0 4 -1 6.12323e-17 0 0 0 0 1 1.6
9 6.12323e-17 1 0 4.5 -1 6.12323e-17 0 0 0 0 1 1.6
noise_poses
0 0.00280931 0.999996 0 -0.104684 -0.999996 0.00280931 0 0.489483 0 0 1 1.63325
1 -0.00636615 0.99998 0 0.717778 -0.99998 -0.00636615 0 0.0797653 0 0 1 1.50842
2 -0.0508561 0.998706 0 1.24894 -0.998706 -0.0508561 0 -0.0547653 0 0 1 1.74767
3 -0.0491645 0.998791 0 1.80615 -0.998791 -0.0491645 0 -0.112534 0 0 1 1.66838
4 -0.0465405 0.998916 0 1.53431 -0.998916 -0.0465405 0 0.274659 0 0 1 1.89231
5 -0.0485169 0.998822 0 2.53958 -0.998822 -0.0485169 0 -0.170658 0 0 1 1.52961
6 -0.0501703 0.998741 0 2.91373 -0.998741 -0.0501703 0 0.0631611 0 0 1 2.04871
7 0.0390606 0.999237 0 3.25491 -0.999237 0.0390606 0 0.217512 0 0 1 1.49992
8 0.0157306 0.999876 0 4.207 -0.999876 0.0157306 0 0.433176 0 0 1 1.18943
9 -0.00787759 0.999969 0 4.51294 -0.999969 -0.00787759 0 -0.00215321 0 0 1 1.53892
gt_observations
0 288 191 3
0 286 628 12
0 278 77 10
0 276 432 164
0 274 500 351
0 273 501 18
0 270 133 2
0 268 11 119
0 267 98 260
0 263 520 83
0 255 437 128
0 254 179 217
0 253 307 478
0 252 604 328
0 251 309 166
0 250 36 326
0 249 527 41
0 248 291 216
0 246 460 269
0 243 532 395
0 242 572 91
0 240 49 313
0 239 65 92
0 237 525 99
0 235 106 361
0 234 249 471
0 233 589 215
0 232 527 56
0 230 439 173
0 229 569 475
0 227 207 415
0 226 551 138
0 224 496 145
0 223 188 201
0 221 347 329
0 220 205 123
0 219 380 43
0 218 340 433
0 217 226 356
0 214 150 226
0 213 494 292
0 212 345 221
0 211 48 194
0 210 395 76
0 209 110 410
0 207 358 158
0 206 66 21
0 205 162 403
0 203 204 325
0 202 279 336
0 201 497 244
0 200 536 86
0 198 102 388
0 197 548 14
0 196 318 285
0 195 182 326
0 192 79 297
0 191 236 361
0 189 61 471
0 188 592 423
0 187 453 193
0 186 385 52
0 184 201 260
0 183 559 345
0 181 346 200
0 180 0 469
0 175 335 408
0 174 180 313
0 171 455 375
0 72 407 104
0 70 322 134
0 69 60 317
0 65 551 373
0 58 529 197
0 57 435 29
0 56 221 114
0 55 582 146
0 53 221 83
0 52 155 35
0 51 244 328
0 50 216 322
0 48 331 111
0 47 114 76
0 46 427 467
0 45 339 302
0 44 459 269
0 43 498 337
0 299 194 416
0 42 438 54
0 169 40 384
0 298 388 227
0 41 229 50
0 168 66 312
0 71 254 95
0 269 126 251
0 12 400 407
0 139 328 434
0 68 570 143
0 266 309 121
0 9 530 351
0 136 594 277
0 38 166 319
0 165 472 355
0 67 524 63
0 265 12 340
0 8 454 148
0 135 217 304
0 294 403 278
0 37 299 413
0 164 174 120
0 66 250 234
0 264 462 302
0 7 303 407
0 134 502 307
0 293 175 271
0 36 270 210
0 163 191 343
0 275 440 330
0 18 42 293
0 145 579 50
0 64 343 467
0 5 251 115
0 132 278 277
0 291 581 78
0 34 275 395
0 63 511 111
0 261 159 224
0 4 540 176
0 290 618 127
0 33 613 38
0 160 188 82
0 62 60 476
0 260 64 461
0 3 537 304
0 130 135 415
0 289 420 244
0 32 567 17
0 74 206 426
0 272 305 430
0 15 233 149
0 61 125 271
0 259 304 76
0 2 398 247
0 129 24 217
0 14 49 378
0 141 55 404
0 1 456 273
0 128 427 263
0 287 162 462
0 30 530 70
0 59 557 356
0 257 510 164
0 0 131 438
0 279 178 297
0 22 237 89
0 280 444 288
0 23 355 54
0 281 213 478
0 24 281 183
0 151 514 345
0 26 148 149
0 153 142 442
0 284 541 280
0 27 261 63
0 154 70 124
0 285 253 205
0 28 558 426
0 155 108 27
0 292 415 278
0 35 555 164
0 162 514 254
0 296 418 409
0 39 8 398
0 166 434 347
0 297 214 29
0 40 539 455
0 167 472 90
0 75 52 327
0 76 279 187
0 77 490 124
0 78 17 138
0 80 607 207
0 82 450 343
0 84 204 205
0 85 269 259
0 87 243 258
0 88 481 440
0 89 87 91
0 90 417 436
0 91 480 424
0 92 438 68
0 93 568 351
0 94 508 177
0 95 501 162
0 97 457 408
0 99 197 123
0 100 247 327
0 101 423 405
0 103 521 316
0 107 49 19
0 108 105 354
0 109 98 268
0 111 323 272
0 113 73 298
0 114 152 419
0 115 338 30
0 116 81 345
0 117 262 326
0 119 105 249
0 121 228 208
0 122 487 178
0 123 269 207
0 125 490 68
0 126 170 216
0 133 335 142
0 140 540 107
0 144 544 39
0 146 77 6
0 147 391 237
0 152 50 341
0 156 588 8
0 158 257 2
1 276 432 148
1 274 500 335
1 273 501 0
1 268 11 102
1 267 98 245
1 263 520 66
1 255 437 111
1 254 179 202
1 253 307 463
1 252 604 313
1 251 309 151
1 250 36 309
1 249 527 25
1 248 291 200
1 246 460 254
1 244 627 467
1 243 532 378
1 242 572 75
1 240 49 298
1 239 65 75
1 237 525 83
1 235 106 344
1 234 249 454
1 233 589 199
1 232 527 40
1 230 439 157
1 229 569 459
1 227 207 400
1 226 551 120
1 224 496 129
1 223 188 184
1 221 347 313
1 220 205 106
1 219 380 27
1 218 340 418
1 217 226 341
1 214 150 209
1 213 494 275
1 212 345 205
1 211 48 177
1 210 395 58
1 209 110 393
1 208 438 474
1 207 358 142
1 206 66 5
1 205 162 388
1 203 204 309
1 202 279 319
1 201 497 228
1 200 536 68
1 198 102 372
1 196 318 271
1 195 182 310
1 192 79 279
1 191 236 346
1 189 61 455
1 188 592 407
1 187 453 176
1 186 385 35
1 184 201 242
1 183 559 328
1 181 346 184
1 180 0 452
1 176 173 478
1 175 335 392
1 174 180 296
1 171 455 359
1 169 40 368
1 70 322 118
1 69 60 301
1 65 551 355
1 58 529 180
1 57 435 12
1 56 221 99
1 55 582 129
1 53 221 67
1 52 155 18
1 51 244 310
1 50 216 307
1 48 331 94
1 47 114 60
1 46 427 451
1 45 339 285
1 44 459 253
1 43 498 321
1 299 194 399
1 42 438 36
1 298 388 211
1 41 229 32
1 168 66 296
1 297 214 11
1 40 539 439
1 167 472 75
1 71 254 80
1 269 126 235
1 12 400 391
1 139 328 418
1 68 570 126
1 266 309 104
1 9 530 334
1 136 594 262
1 38 166 304
1 165 472 339
1 67 524 47
1 265 12 323
1 8 454 132
1 135 217 287
1 294 403 262
1 37 299 396
1 164 174 102
1 66 250 217
1 264 462 284
1 7 303 391
1 134 502 291
1 293 175 254
1 36 270 194
1 163 191 325
1 275 440 314
1 18 42 278
1 145 579 33
1 64 343 451
1 262 30 473
1 5 251 100
1 132 278 260
1 291 581 61
1 34 275 380
1 63 511 97
1 261 159 207
1 4 540 160
1 290 618 110
1 33 613 21
1 160 188 68
1 62 60 460
1 260 64 445
1 3 537 289
1 130 135 398
1 289 420 229
1 32 567 2
1 272 305 414
1 15 233 134
1 61 125 255
1 259 304 60
1 2 398 233
1 129 24 201
1 14 49 362
1 141 55 387
1 60 50 478
1 1 456 257
1 128 427 247
1 287 162 445
1 30 530 54
1 59 557 340
1 257 510 147
1 0 131 421
1 20 207 476
1 147 391 220
1 279 178 281
1 22 237 72
1 280 444 272
1 23 355 37
1 281 213 462
1 24 281 166
1 151 514 329
1 26 148 132
1 153 142 425
1 284 541 264
1 27 261 46
1 154 70 109
1 285 253 188
1 28 558 410
1 155 108 10
1 292 415 262
1 35 555 146
1 162 514 238
1 296 418 391
1 39 8 382
1 166 434 331
1 72 407 88
1 74 206 408
1 75 52 310
1 76 279 170
1 77 490 107
1 78 17 123
1 80 607 191
1 82 450 327
1 84 204 190
1 85 269 243
1 87 243 240
1 88 481 425
1 89 87 73
1 90 417 420
1 91 480 407
1 92 438 52
1 93 568 335
1 94 508 162
1 95 501 145
1 97 457 390
1 99 197 108
1 100 247 312
1 101 423 386
1 103 521 300
1 105 212 470
1 106 207 477
1 107 49 2
1 108 105 338
1 109 98 253
1 111 323 257
1 113 73 282
1 114 152 404
1 115 338 14
1 116 81 329
1 117 262 311
1 119 105 233
1 121 228 191
1 122 487 161
1 123 269 192
1 125 490 52
1 126 170 200
1 133 335 125
1 140 540 91
1 144 544 23
1 152 50 324
2 289 420 213
2 268 11 85
2 267 98 230
2 263 520 48
2 255 437 94
2 254 179 186
2 253 307 448
2 252 604 299
2 251 309 135
2 250 36 292
2 249 527 9
2 248 291 185
2 246 460 238
2 245 543 478
2 244 627 451
2 243 532 361
2 242 572 60
2 240 49 283
2 239 65 58
2 237 525 66
2 235 106 326
2 234 249 437
2 233 589 184
2 232 527 23
2 230 439 141
2 229 569 443
2 227 207 385
2 226 551 101
2 224 496 113
2 223 188 167
2 221 347 297
2 220 205 90
2 219 380 11
2 218 340 403
2 217 226 325
2 214 150 192
2 213 494 258
2 212 345 189
2 211 48 160
2 210 395 40
2 209 110 376
2 208 438 457
2 207 358 125
2 205 162 373
2 203 204 292
2 202 279 303
2 201 497 212
2 200 536 50
2 198 102 357
2 196 318 256
2 195 182 294
2 192 79 260
2 191 236 330
2 189 61 439
2 188 592 391
2 187 453 158
2 186 385 19
2 184 201 225
2 183 559 312
2 181 346 169
2 180 0 436
2 176 173 463
2 175 335 376
2 174 180 280
2 171 455 343
2 169 40 353
2 168 66 279
2 167 472 60
2 65 551 337
2 58 529 163
2 56 221 85
2 55 582 112
2 54 483 464
2 53 221 51
2 52 155 1
2 51 244 293
2 50 216 292
2 48 331 78
2 47 114 45
2 46 427 434
2 45 339 268
2 44 459 237
2 43 498 305
2 299 194 383
2 42 438 19
2 298 388 195
2 41 229 15
2 40 539 422
2 296 418 373
2 39 8 365
2 166 434 315
2 38 166 288
2 165 472 323
2 294 403 245
2 37 299 380
2 164 174 84
2 269 126 218
2 12 400 374
2 139 328 401
2 68 570 108
2 266 309 87
2 9 530 317
2 136 594 246
2 67 524 31
2 265 12 307
2 8 454 117
2 135 217 269
2 66 250 201
2 264 462 266
2 7 303 376
2 134 502 275
2 293 175 238
2 36 270 178
2 163 191 308
2 64 343 435
2 262 30 456
2 5 251 84
2 132 278 243
2 291 581 45
2 34 275 365
2 63 511 83
2 261 159 191
2 4 540 144
2 290 618 93
2 33 613 4
2 160 188 53
2 16 361 466
2 62 60 445
2 260 64 429
2 3 537 274
2 130 135 382
2 272 305 398
2 15 233 118
2 61 125 238
2 259 304 44
2 2 398 218
2 129 24 184
2 14 49 347
2 141 55 371
2 60 50 462
2 1 456 242
2 128 427 231
2 287 162 428
2 30 530 38
2 59 557 324
2 257 510 131
2 0 131 405
2 274 500 320
2 17 501 470
2 144 544 6
2 275 440 299
2 18 42 263
2 145 579 16
2 276 432 132
2 19 357 472
2 20 207 460
2 147 391 203
2 279 178 264
2 22 237 55
2 280 444 255
2 23 355 20
2 281 213 446
2 24 281 150
2 151 514 312
2 25 29 470
2 152 50 306
2 26 148 115
2 153 142 408
2 284 541 248
2 27 261 29
2 154 70 93
2 285 253 172
2 28 558 394
2 292 415 245
2 35 555 129
2 162 514 221
2 69 60 285
2 70 322 102
2 71 254 65
2 72 407 72
2 74 206 391
2 75 52 292
2 76 279 152
2 77 490 90
2 78 17 107
2 80 607 175
2 82 450 310
2 84 204 175
2 85 269 227
2 87 243 222
2 88 481 409
2 89 87 55
2 90 417 405
2 91 480 391
2 92 438 37
2 93 568 319
2 94 508 146
2 95 501 128
2 97 457 372
2 98 287 470
2 99 197 92
2 100 247 296
2 101 423 367
2 103 521 284
2 105 212 453
2 106 207 460
2 108 105 321
2 109 98 238
2 111 323 241
2 113 73 265
2 114 152 389
2 116 81 313
2 117 262 296
2 119 105 217
2 121 228 174
2 122 487 145
2 123 269 177
2 125 490 37
2 126 170 185
2 133 335 107
2 138 85 472
2 140 540 75
3 298 388 179
3 290 618 75
3 289 420 197
3 268 11 67
3 267 98 214
3 263 520 31
3 255 437 77
3 254 179 170
3 253 307 433
3 252 604 284
3 251 309 120
3 250 36 275
3 248 291 170
3 246 460 222
3 245 543 462
3 244 627 436
3 243 532 344
3 242 572 44
3 240 49 268
3 239 65 41
3 237 525 50
3 235 106 308
3 234 249 419
3 233 589 168
3 232 527 7
3 231 174 475
3 230 439 125
3 229 569 427
3 227 207 369
3 226 551 83
3 224 496 98
3 223 188 150
3 221 347 281
3 220 205 73
3 218 340 388
3 217 226 310
3 214 150 175
3 213 494 241
3 212 345 173
3 211 48 143
3 210 395 22
3 209 110 359
3 208 438 440
3 207 358 108
3 205 162 358
3 203 204 276
3 202 279 286
3 201 497 196
3 200 536 32
3 198 102 341
3 196 318 242
3 195 182 278
3 192 79 241
3 191 236 315
3 189 61 423
3 188 592 374
3 187 453 141
3 186 385 3
3 184 201 207
3 183 559 295
3 181 346 154
3 180 0 419
3 176 173 448
3 175 335 359
3 174 180 263
3 171 455 326
3 169 40 338
3 168 66 263
3 167 472 44
3 166 434 299
3 70 322 86
3 69 60 269
3 65 551 319
3 58 529 147
3 56 221 70
3 55 582 96
3 54 483 446
3 53 221 35
3 51 244 276
3 50 216 277
3 48 331 61
3 47 114 29
3 46 427 418
3 45 339 251
3 44 459 221
3 43 498 289
3 299 194 366
3 42 438 2
3 40 539 406
3 296 418 356
3 39 8 349
3 38 166 273
3 165 472 308
3 294 403 228
3 37 299 363
3 164 174 66
3 269 126 201
3 12 400 358
3 139 328 385
3 68 570 91
3 266 309 71
3 9 530 300
3 136 594 231
3 67 524 15
3 265 12 291
3 8 454 101
3 135 217 252
3 66 250 184
3 264 462 248
3 7 303 360
3 134 502 259
3 293 175 221
3 36 270 163
3 163 191 290
3 64 343 418
3 262 30 440
3 5 251 69
3 132 278 225
3 291 581 28
3 34 275 349
3 63 511 69
3 261 159 174
3 4 540 128
3 16 361 449
3 143 179 464
3 62 60 429
3 260 64 413
3 3 537 259
3 130 135 366
3 272 305 381
3 15 233 103
3 61 125 222
3 259 304 28
3 2 398 204
3 129 24 168
3 14 49 331
3 141 55 354
3 60 50 447
3 1 456 227
3 128 427 215
3 287 162 411
3 30 530 21
3 59 557 309
3 257 510 114
3 0 131 388
3 127 42 469
3 29 590 478
3 274 500 304
3 17 501 453
3 275 440 283
3 18 42 248
3 276 432 116
3 19 357 456
3 20 207 445
3 147 391 186
3 279 178 248
3 22 237 38
3 280 444 238
3 23 355 3
3 281 213 429
3 24 281 133
3 151 514 296
3 25 29 455
3 152 50 289
3 26 148 97
3 153 142 392
3 284 541 233
3 27 261 12
3 154 70 78
3 285 253 155
3 28 558 378
3 292 415 229
3 35 555 111
3 162 514 205
3 71 254 50
3 72 407 55
3 74 206 373
3 75 52 275
3 76 279 134
3 77 490 74
3 78 17 92
3 80 607 159
3 82 450 294
3 84 204 160
3 85 269 210
3 86 460 465
3 87 243 205
3 88 481 394
3 89 87 37
3 90 417 389
3 91 480 374
3 92 438 21
3 93 568 303
3 94 508 130
3 95 501 112
3 97 457 355
3 98 287 455
3 99 197 77
3 100 247 281
3 101 423 348
3 103 521 268
3 105 212 435
3 106 207 444
3 108 105 305
3 109 98 223
3 110 492 466
3 111 323 225
3 113 73 249
3 114 152 374
3 116 81 297
3 117 262 282
3 119 105 201
3 121 228 157
3 122 487 128
3 123 269 161
3 125 490 22
3 126 170 169
3 133 335 90
3 138 85 457
3 140 540 59
3 159 105 478
3 160 188 39
4 299 194 350
4 298 388 163
4 290 618 58
4 289 420 181
4 284 541 217
4 280 444 222
4 268 11 50
4 267 98 199
4 255 437 61
4 254 179 155
4 253 307 418
4 252 604 269
4 251 309 105
4 250 36 258
4 248 291 154
4 246 460 207
4 245 543 446
4 244 627 420
4 243 532 327
4 242 572 28
4 240 49 254
4 239 65 24
4 237 525 33
4 235 106 291
4 234 249 402
4 233 589 152
4 231 174 460
4 230 439 109
4 229 569 411
4 227 207 354
4 226 551 65
4 224 496 82
4 223 188 133
4 221 347 265
4 220 205 57
4 218 340 374
4 217 226 294
4 214 150 158
4 213 494 223
4 212 345 157
4 211 48 126
4 210 395 4
4 209 110 342
4 208 438 423
4 207 358 91
4 205 162 343
4 203 204 259
4 202 279 269
4 201 497 180
4 200 536 14
4 198 102 325
4 196 318 227
4 195 182 262
4 194 154 463
4 192 79 223
4 191 236 300
4 189 61 408
4 188 592 358
4 187 453 123
4 184 201 189
4 183 559 279
4 181 346 139
4 180 0 402
4 179 543 470
4 176 173 433
4 175 335 343
4 174 180 247
4 171 455 310
4 169 40 323
4 168 66 247
4 167 472 29
4 166 434 283
4 165 472 292
4 164 174 48
4 70 322 70
4 69 60 254
4 58 529 130
4 56 221 55
4 55 582 79
4 54 483 429
4 53 221 19
4 51 244 258
4 50 216 262
4 48 331 45
4 47 114 14
4 46 427 402
4 45 339 234
4 44 459 205
4 43 498 272
4 40 539 390
4 296 418 338
4 39 8 333
4 38 166 257
4 294 403 212
4 37 299 346
4 293 175 204
4 36 270 147
4 163 191 272
4 269 126 184
4 12 400 342
4 139 328 368
4 68 570 74
4 266 309 54
4 9 530 283
4 136 594 215
4 67 524 0
4 265 12 274
4 8 454 86
4 135 217 234
4 66 250 167
4 264 462 230
4 7 303 345
4 134 502 244
4 65 551 301
4 263 520 13
4 6 324 478
4 133 335 72
4 292 415 212
4 35 555 94
4 162 514 188
4 64 343 402
4 262 30 423
4 5 251 54
4 132 278 208
4 291 581 11
4 34 275 334
4 63 511 54
4 261 159 157
4 4 540 112
4 62 60 413
4 260 64 397
4 3 537 244
4 130 135 349
4 272 305 365
4 15 233 87
4 61 125 205
4 259 304 12
4 2 398 189
4 129 24 152
4 31 221 471
4 14 49 315
4 141 55 337
4 60 50 432
4 1 456 211
4 128 427 199
4 287 162 394
4 30 530 5
4 59 557 293
4 257 510 98
4 0 131 371
4 127 42 454
4 29 590 462
4 16 361 432
4 143 179 447
4 274 500 288
4 17 501 436
4 275 440 268
4 18 42 233
4 276 432 101
4 19 357 441
4 20 207 430
4 147 391 169
4 21 0 467
4 148 504 465
4 279 178 231
4 22 237 20
4 281 213 413
4 24 281 116
4 151 514 280
4 25 29 440
4 152 50 272
4 26 148 80
4 153 142 375
4 285 253 138
4 28 558 363
4 71 254 35
4 72 407 39
4 73 369 466
4 74 206 355
4 75 52 257
4 76 279 116
4 77 490 57
4 78 17 76
4 80 607 143
4 82 450 277
4 84 204 145
4 85 269 194
4 86 460 447
4 87 243 187
4 88 481 379
4 89 87 19
4 90 417 373
4 91 480 357
4 92 438 6
4 93 568 287
4 94 508 115
4 95 501 95
4 97 457 337
4 98 287 439
4 99 197 61
4 100 247 266
4 101 423 329
4 103 521 252
4 105 212 418
4 106 207 427
4 108 105 289
4 109 98 208
4 110 492 450
4 111 323 210
4 113 73 232
4 114 152 358
4 116 81 281
4 117 262 267
4 119 105 185
4 121 228 141
4 122 487 112
4 123 269 146
4 125 490 6
4 126 170 153
4 138 85 442
4 140 540 43
4 154 70 63
4 159 105 461
4 160 188 25
5 299 194 334
5 298 388 147
5 290 618 41
5 289 420 165
5 287 162 377
5 284 541 202
5 280 444 205
5 267 98 184
5 255 437 44
5 254 179 139
5 253 307 402
5 252 604 254
5 251 309 90
5 250 36 241
5 248 291 139
5 246 460 191
5 245 543 431
5 244 627 404
5 243 532 310
5 242 572 12
5 240 49 239
5 239 65 7
5 237 525 17
5 236 425 468
5 235 106 273
5 234 249 385
5 233 589 136
5 231 174 445
5 230 439 93
5 229 569 395
5 227 207 339
5 226 551 47
5 224 496 66
5 223 188 116
5 221 347 249
5 220 205 40
5 218 340 359
5 217 226 278
5 214 150 141
5 213 494 206
5 212 345 141
5 211 48 109
5 209 110 325
5 208 438 406
5 207 358 75
5 205 162 329
5 203 204 242
5 202 279 253
5 201 497 164
5 198 102 309
5 196 318 213
5 195 182 246
5 194 154 446
5 192 79 204
5 191 236 285
5 189 61 392
5 188 592 341
5 187 453 106
5 184 201 172
5 183 559 263
5 181 346 123
5 180 0 386
5 179 543 453
5 176 173 418
5 175 335 326
5 174 180 230
5 171 455 294
5 169 40 308
5 168 66 231
5 167 472 14
5 166 434 267
5 165 472 276
5 72 407 23
5 69 60 238
5 58 529 113
5 56 221 40
5 55 582 62
5 54 483 412
5 53 221 3
5 51 244 241
5 50 216 247
5 48 331 29
5 46 427 385
5 45 339 218
5 44 459 189
5 43 498 256
5 40 539 373
5 296 418 321
5 39 8 317
5 38 166 242
5 294 403 195
5 37 299 329
5 164 174 30
5 293 175 188
5 36 270 132
5 163 191 254
5 71 254 20
5 269 126 167
5 12 400 326
5 139 328 352
5 70 322 54
5 268 11 33
5 11 497 474
5 138 85 426
5 68 570 56
5 266 309 37
5 9 530 266
5 136 594 200
5 265 12 258
5 8 454 70
5 135 217 217
5 66 250 150
5 264 462 212
5 7 303 329
5 134 502 228
5 65 551 282
5 6 324 462
5 133 335 55
5 292 415 196
5 35 555 77
5 162 514 172
5 64 343 386
5 262 30 407
5 5 251 39
5 132 278 191
5 34 275 319
5 63 511 40
5 261 159 140
5 4 540 96
5 131 147 463
5 62 60 397
5 260 64 381
5 3 537 229
5 130 135 333
5 61 125 188
5 2 398 175
5 129 24 135
5 31 221 455
5 14 49 300
5 141 55 321
5 60 50 417
5 1 456 196
5 128 427 183
5 59 557 278
5 257 510 81
5 0 131 355
5 127 42 438
5 29 590 446
5 272 305 348
5 15 233 72
5 16 361 414
5 143 179 431
5 274 500 273
5 17 501 419
5 275 440 252
5 18 42 217
5 276 432 85
5 19 357 425
5 277 32 476
5 20 207 414
5 147 391 153
5 21 0 449
5 148 504 447
5 279 178 214
5 22 237 3
5 281 213 396
5 24 281 99
5 151 514 263
5 25 29 425
5 152 50 255
5 26 148 63
5 153 142 358
5 285 253 122
5 28 558 347
5 73 369 449
5 74 206 337
5 75 52 240
5 76 279 99
5 77 490 41
5 78 17 60
5 80 607 127
5 82 450 261
5 84 204 129
5 85 269 178
5 86 460 429
5 87 243 170
5 88 481 364
5 89 87 2
5 90 417 358
5 91 480 341
5 93 568 271
5 94 508 99
5 95 501 78
5 97 457 319
5 98 287 424
5 99 197 46
5 100 247 250
5 101 423 310
5 103 521 236
5 105 212 401
5 106 207 410
5 108 105 273
5 109 98 193
5 110 492 434
5 111 323 194
5 112 219 476
5 113 73 216
5 114 152 343
5 116 81 265
5 117 262 252
5 119 105 168
5 121 228 124
5 122 487 95
5 123 269 131
5 126 170 137
5 140 540 27
5 150 410 475
5 154 70 47
5 159 105 444
5 160 188 10
6 299 194 317
6 298 388 131
6 290 618 24
6 289 420 150
6 287 162 360
6 284 541 186
6 280 444 188
6 279 178 198
6 267 98 169
6 255 437 27
6 254 179 123
6 253 307 387
6 252 604 240
6 251 309 75
6 250 36 224
6 248 291 123
6 246 460 176
6 245 543 415
6 244 627 388
6 243 532 293
6 240 49 224
6 237 525 0
6 236 425 449
6 235 106 255
6 234 249 368
6 233 589 120
6 231 174 430
6 230 439 77
6 229 569 379
6 227 207 323
6 226 551 29
6 224 496 51
6 223 188 99
6 221 347 233
6 220 205 24
6 218 340 344
6 217 226 263
6 214 150 124
6 213 494 189
6 212 345 125
6 211 48 92
6 209 110 308
6 208 438 389
6 207 358 58
6 205 162 314
6 203 204 226
6 202 279 236
6 201 497 148
6 198 102 293
6 196 318 198
6 195 182 230
6 194 154 429
6 192 79 186
6 191 236 270
6 189 61 376
6 188 592 325
6 187 453 88
6 184 201 154
6 183 559 246
6 181 346 108
6 180 0 369
6 179 543 436
6 176 173 403
6 175 335 310
6 174 180 214
6 171 455 278
6 72 407 7
6 69 60 222
6 58 529 96
6 56 221 25
6 55 582 45
6 54 483 395
6 51 244 224
6 50 216 232
6 48 331 12
6 46 427 369
6 45 339 201
6 44 459 173
6 43 498 240
6 40 539 357
6 296 418 303
6 39 8 300
6 166 434 251
6 38 166 226
6 165 472 261
6 294 403 178
6 37 299 312
6 164 174 12
6 71 254 5
6 269 126 151
6 12 400 310
6 139 328 335
6 70 322 38
6 268 11 16
6 11 497 457
6 138 85 411
6 68 570 39
6 266 309 20
6 9 530 249
6 136 594 184
6 265 12 242
6 8 454 54
6 135 217 200
6 66 250 133
6 264 462 194
6 7 303 314
6 134 502 212
6 293 175 171
6 36 270 116
6 163 191 236
6 65 551 264
6 6 324 446
6 133 335 37
6 292 415 179
6 35 555 59
6 162 514 156
6 64 343 369
6 262 30 391
6 5 251 23
6 132 278 174
6 34 275 304
6 63 511 26
6 261 159 124
6 4 540 80
6 131 147 447
6 62 60 381
6 260 64 365
6 3 537 213
6 130 135 316
6 61 125 172
6 2 398 160
6 129 24 119
6 31 221 439
6 73 369 432
6 14 49 284
6 141 55 304
6 60 50 401
6 1 456 181
6 128 427 167
6 59 557 262
6 257 510 65
6 0 131 338
6 127 42 423
6 29 590 430
6 74 206 319
6 272 305 332
6 15 233 56
6 16 361 397
6 143 179 415
6 274 500 257
6 17 501 403
6 275 440 237
6 18 42 202
6 276 432 69
6 19 357 410
6 277 32 460
6 20 207 399
6 147 391 136
6 21 0 431
6 148 504 429
6 281 213 380
6 24 281 82
6 151 514 247
6 25 29 410
6 152 50 237
6 26 148 46
6 153 142 342
6 285 253 105
6 28 558 331
6 75 52 222
6 76 279 81
6 77 490 24
6 78 17 45
6 80 607 111
6 82 450 244
6 84 204 114
6 85 269 162
6 86 460 411
6 87 243 152
6 88 481 349
6 90 417 342
6 91 480 324
6 93 568 255
6 94 508 83
6 95 501 61
6 97 457 301
6 98 287 408
6 99 197 30
6 100 247 235
6 101 423 291
6 103 521 219
6 105 212 383
6 106 207 393
6 108 105 256
6 109 98 178
6 110 492 418
6 111 323 178
6 112 219 460
6 113 73 199
6 114 152 328
6 116 81 249
6 117 262 237
6 119 105 152
6 121 228 107
6 122 487 79
6 123 269 116
6 126 170 122
6 140 540 11
6 150 410 459
6 154 70 32
6 159 105 427
6 168 66 214
6 169 40 292
7 299 194 301
7 298 388 115
7 290 618 6
7 289 420 134
7 287 162 343
7 284 541 170
7 280 444 171
7 279 178 181
7 267 98 154
7 255 437 10
7 254 179 108
7 253 307 372
7 252 604 225
7 251 309 59
7 250 36 208
7 248 291 108
7 246 460 160
7 245 543 399
7 244 627 373
7 243 532 276
7 240 49 209
7 236 425 431
7 235 106 238
7 234 249 350
7 233 589 104
7 231 174 415
7 230 439 61
7 229 569 363
7 227 207 308
7 226 551 11
7 224 496 35
7 223 188 82
7 221 347 217
7 220 205 7
7 218 340 330
7 217 226 247
7 214 150 107
7 213 494 172
7 212 345 109
7 211 48 75
7 209 110 291
7 208 438 372
7 207 358 41
7 205 162 299
7 203 204 209
7 202 279 219
7 201 497 132
7 198 102 278
7 196 318 184
7 195 182 214
7 194 154 413
7 192 79 167
7 191 236 255
7 189 61 360
7 188 592 309
7 187 453 71
7 184 201 137
7 183 559 230
7 181 346 93
7 180 0 353
7 69 60 206
7 58 529 80
7 56 221 11
7 55 582 28
7 54 483 378
7 51 244 206
7 50 216 217
7 46 427 353
7 45 339 184
7 44 459 158
7 171 455 261
7 43 498 224
7 40 539 341
7 296 418 285
7 39 8 284
7 166 434 235
7 38 166 211
7 165 472 245
7 294 403 162
7 37 299 295
7 269 126 134
7 12 400 294
7 139 328 319
7 70 322 22
7 268 11 0
7 11 497 440
7 138 85 396
7 68 570 22
7 266 309 4
7 9 530 231
7 136 594 169
7 265 12 226
7 8 454 39
7 135 217 182
7 66 250 116
7 264 462 176
7 7 303 298
7 134 502 196
7 293 175 154
7 36 270 100
7 163 191 218
7 65 551 246
7 6 324 430
7 133 335 20
7 292 415 163
7 35 555 42
7 162 514 139
7 64 343 353
7 262 30 374
7 5 251 8
7 132 278 156
7 34 275 289
7 63 511 12
7 261 159 107
7 4 540 64
7 131 147 430
7 62 60 365
7 260 64 348
7 3 537 198
7 130 135 300
7 61 125 155
7 2 398 146
7 129 24 102
7 31 221 424
7 73 369 415
7 14 49 268
7 141 55 288
7 60 50 386
7 1 456 165
7 128 427 150
7 59 557 246
7 257 510 48
7 0 131 322
7 127 42 408
7 29 590 414
7 74 206 301
7 272 305 316
7 15 233 41
7 75 52 205
7 16 361 380
7 143 179 399
7 76 279 63
7 274 500 241
7 17 501 386
7 77 490 7
7 275 440 221
7 18 42 187
7 276 432 53
7 19 357 394
7 277 32 443
7 20 207 384
7 147 391 119
7 21 0 414
7 148 504 411
7 281 213 364
7 24 281 65
7 151 514 231
7 25 29 395
7 152 50 220
7 26 148 29
7 153 142 325
7 285 253 89
7 28 558 315
7 78 17 29
7 80 607 95
7 82 450 228
7 84 204 99
7 85 269 146
7 86 460 393
7 87 243 135
7 88 481 333
7 90 417 327
7 91 480 308
7 93 568 239
7 94 508 68
7 95 501 44
7 97 457 284
7 98 287 392
7 99 197 15
7 100 247 220
7 101 423 273
7 103 521 203
7 105 212 366
7 106 207 376
7 108 105 240
7 109 98 163
7 110 492 402
7 111 323 163
7 112 219 444
7 113 73 183
7 114 152 313
7 116 81 233
7 117 262 222
7 119 105 136
7 121 228 91
7 122 487 62
7 123 269 100
7 126 170 106
7 150 410 444
7 154 70 16
7 159 105 410
7 168 66 198
7 169 40 277
7 174 180 198
7 175 335 293
7 176 173 388
7 179 543 419
8 299 194 285
8 298 388 98
8 289 420 118
8 287 162 326
8 284 541 155
8 280 444 155
8 279 178 165
8 267 98 138
8 262 30 358
8 254 179 92
8 253 307 357
8 252 604 210
8 251 309 44
8 250 36 191
8 248 291 93
8 246 460 144
8 245 543 383
8 244 627 357
8 243 532 260
8 240 49 195
8 236 425 412
8 235 106 220
8 234 249 333
8 233 589 89
8 231 174 400
8 230 439 45
8 229 569 347
8 227 207 292
8 224 496 19
8 223 188 65
8 221 347 202
8 218 340 315
8 217 226 232
8 214 150 90
8 213 494 155
8 212 345 93
8 211 48 58
8 209 110 274
8 208 438 355
8 207 358 24
8 205 162 284
8 203 204 193
8 202 279 202
8 201 497 116
8 198 102 262
8 196 318 169
8 195 182 198
8 194 154 396
8 192 79 148
8 191 236 240
8 189 61 345
8 188 592 292
8 187 453 54
8 82 450 211
8 69 60 190
8 64 343 337
8 58 529 63
8 55 582 11
8 54 483 361
8 181 346 78
8 51 244 189
8 50 216 202
8 46 427 336
8 45 339 167
8 44 459 142
8 171 455 245
8 43 498 208
8 40 539 324
8 296 418 268
8 39 8 268
8 166 434 219
8 38 166 196
8 165 472 229
8 269 126 117
8 12 400 278
8 139 328 302
8 70 322 6
8 11 497 423
8 138 85 381
8 68 570 5
8 9 530 214
8 136 594 153
8 265 12 209
8 8 454 23
8 135 217 165
8 294 403 145
8 37 299 278
8 66 250 99
8 264 462 158
8 7 303 283
8 134 502 181
8 293 175 137
8 36 270 85
8 163 191 200
8 65 551 228
8 6 324 414
8 133 335 3
8 292 415 147
8 35 555 24
8 162 514 123
8 261 159 90
8 4 540 48
8 131 147 414
8 62 60 350
8 260 64 332
8 3 537 183
8 130 135 283
8 74 206 284
8 272 305 299
8 15 233 25
8 61 125 139
8 2 398 131
8 129 24 86
8 31 221 408
8 73 369 398
8 14 49 253
8 141 55 271
8 60 50 371
8 1 456 150
8 128 427 134
8 59 557 231
8 257 510 32
8 0 131 305
8 127 42 392
8 29 590 398
8 75 52 188
8 16 361 363
8 143 179 383
8 76 279 46
8 274 500 226
8 17 501 369
8 275 440 206
8 18 42 172
8 78 17 14
8 276 432 37
8 19 357 379
8 277 32 426
8 20 207 369
8 147 391 102
8 80 607 79
8 21 0 396
8 148 504 393
8 281 213 347
8 24 281 48
8 151 514 215
8 84 204 84
8 25 29 380
8 152 50 203
8 26 148 11
8 153 142 308
8 285 253 72
8 28 558 299
8 34 275 273
8 85 269 130
8 86 460 375
8 87 243 117
8 88 481 318
8 90 417 311
8 91 480 291
8 93 568 223
8 94 508 52
8 95 501 27
8 97 457 266
8 98 287 377
8 99 197 0
8 100 247 204
8 101 423 254
8 103 521 187
8 105 212 349
8 106 207 360
8 108 105 224
8 109 98 148
8 110 492 386
8 111 323 147
8 112 219 428
8 113 73 166
8 114 152 297
8 116 81 217
8 117 262 207
8 119 105 120
8 121 228 74
8 122 487 45
8 123 269 85
8 126 170 90
8 132 278 139
8 150 410 428
8 154 70 1
8 159 105 393
8 168 66 182
8 169 40 262
8 174 180 181
8 175 335 277
8 176 173 373
8 179 543 402
8 180 0 336
8 183 559 213
8 184 201 119
9 299 194 268
9 298 388 82
9 289 420 102
9 287 162 309
9 284 541 139
9 280 444 138
9 279 178 148
9 267 98 123
9 262 30 342
9 254 179 76
9 253 307 342
9 252 604 195
9 251 309 29
9 250 36 174
9 248 291 77
9 246 460 129
9 245 543 367
9 244 627 341
9 243 532 243
9 240 49 180
9 236 425 393
9 235 106 203
9 234 249 316
9 233 589 73
9 231 174 385
9 230 439 29
9 229 569 331
9 227 207 277
9 224 496 4
9 223 188 48
9 221 347 186
9 218 340 300
9 217 226 216
9 214 150 73
9 213 494 137
9 212 345 77
9 211 48 41
9 209 110 256
9 208 438 338
9 207 358 8
9 205 162 269
9 203 204 176
9 202 279 186
9 201 497 101
9 198 102 246
9 86 460 357
9 85 269 114
9 82 450 195
9 69 60 174
9 196 318 155
9 64 343 320
9 191 236 225
9 58 529 46
9 54 483 344
9 181 346 62
9 51 244 172
9 50 216 187
9 46 427 320
9 45 339 150
9 44 459 126
9 171 455 229
9 43 498 192
9 40 539 308
9 296 418 250
9 39 8 252
9 166 434 203
9 269 126 100
9 12 400 262
9 139 328 286
9 11 497 406
9 138 85 366
9 9 530 197
9 136 594 138
9 38 166 180
9 165 472 213
9 265 12 193
9 8 454 8
9 135 217 147
9 294 403 129
9 37 299 261
9 66 250 82
9 264 462 139
9 7 303 267
9 134 502 165
9 293 175 121
9 36 270 69
9 163 191 182
9 65 551 210
9 192 79 130
9 6 324 398
9 292 415 130
9 35 555 7
9 162 514 106
9 261 159 74
9 4 540 32
9 131 147 397
9 62 60 334
9 189 61 329
9 260 64 316
9 3 537 168
9 130 135 267
9 74 206 266
9 272 305 283
9 15 233 10
9 61 125 122
9 188 592 276
9 2 398 117
9 129 24 70
9 90 417 296
9 31 221 392
9 73 369 381
9 14 49 237
9 141 55 255
9 60 50 356
9 187 453 36
9 1 456 135
9 128 427 118
9 59 557 215
9 257 510 15
9 0 131 288
9 127 42 377
9 88 481 303
9 29 590 382
9 75 52 170
9 16 361 346
9 143 179 367
9 76 279 28
9 274 500 210
9 17 501 352
9 275 440 190
9 18 42 157
9 276 432 21
9 19 357 363
9 277 32 410
9 20 207 353
9 147 391 85
9 80 607 63
9 21 0 378
9 148 504 375
9 281 213 331
9 24 281 32
9 151 514 198
9 84 204 69
9 25 29 365
9 152 50 185
9 87 243 100
9 285 253 55
9 28 558 283
9 34 275 258
9 91 480 275
9 93 568 207
9 94 508 36
9 95 501 10
9 97 457 248
9 98 287 361
9 100 247 189
9 101 423 235
9 103 521 171
9 105 212 331
9 106 207 343
9 108 105 207
9 109 98 133
9 110 492 370
9 111 323 131
9 112 219 412
9 113 73 150
9 114 152 282
9 116 81 201
9 117 262 192
9 119 105 104
9 121 228 57
9 122 487 29
9 123 269 70
9 126 170 74
9 132 278 122
9 150 410 412
9 153 142 292
9 159 105 376
9 168 66 166
9 169 40 247
9 174 180 165
9 175 335 261
9 176 173 358
9 179 543 385
9 180 0 319
9 183 559 197
9 184 201 101
9 194 154 379
9 195 182 182
noise_observations
0 299 194 415
0 298 388 227
0 297 214 30
0 296 418 409
0 294 401 278
0 293 175 271
0 292 415 278
0 291 581 78
0 290 618 126
0 289 421 244
0 288 191 3
0 287 162 462
0 286 628 12
0 285 253 205
0 284 541 280
0 281 213 479
0 280 444 288
0 279 178 297
0 278 77 10
0 276 431 163
0 275 439 330
0 274 500 351
0 273 501 18
0 272 306 430
0 270 133 2
0 269 127 251
0 268 12 119
0 267 98 259
0 266 308 121
0 265 12 340
0 264 462 301
0 263 520 82
0 261 158 223
0 260 64 461
0 259 303 76
0 257 510 164
0 255 436 128
0 254 179 217
0 253 307 478
0 252 603 328
0 251 309 166
0 250 35 325
0 249 527 41
0 248 291 216
0 246 460 269
0 243 532 395
0 242 574 91
0 240 49 313
0 239 65 92
0 237 525 99
0 235 105 361
0 234 249 472
0 233 590 215
0 232 528 56
0 230 439 174
0 229 571 475
0 227 206 415
0 226 550 139
0 224 496 145
0 223 188 201
0 221 347 329
0 220 204 123
0 219 380 44
0 218 340 433
0 217 226 356
0 214 150 226
0 213 494 293
0 212 345 222
0 211 48 194
0 210 396 76
0 209 110 412
0 207 359 158
0 206 66 22
0 205 163 403
0 203 205 325
0 202 280 336
0 201 496 244
0 200 536 86
0 198 102 388
0 197 550 14
0 196 318 285
0 195 182 325
0 192 79 297
0 191 236 361
0 189 60 471
0 188 593 423
0 187 453 194
0 186 385 50
0 184 201 260
0 183 559 345
0 181 346 199
0 180 0 469
0 175 335 408
0 174 180 314
0 171 454 375
0 169 41 384
0 168 66 313
0 167 472 90
0 166 434 347
0 165 474 355
0 164 173 120
0 163 191 343
0 162 514 254
0 160 188 82
0 158 257 3
0 156 588 9
0 155 108 29
0 154 70 125
0 153 142 442
0 152 52 341
0 151 514 343
0 147 391 237
0 146 78 6
0 145 579 50
0 144 543 41
0 141 55 404
0 140 540 107
0 139 328 434
0 136 594 277
0 135 218 305
0 134 502 307
0 133 335 141
0 132 278 277
0 130 135 415
0 129 24 219
0 128 427 263
0 126 169 216
0 125 491 68
0 123 269 207
0 122 487 178
0 121 228 208
0 119 104 249
0 117 261 326
0 116 81 345
0 115 338 30
0 114 152 419
0 113 73 298
0 111 323 272
0 109 98 268
0 108 105 352
0 107 48 19
0 103 522 316
0 101 423 405
0 100 247 327
0 99 197 124
0 97 457 408
0 95 501 162
0 94 508 178
0 93 570 351
0 92 438 68
0 91 480 424
0 90 417 435
0 89 87 92
0 88 480 440
0 87 244 257
0 85 269 259
0 84 204 204
0 82 450 344
0 80 608 207
0 78 17 138
0 77 490 124
0 76 279 187
0 75 52 327
0 74 206 427
0 72 408 104
0 71 254 95
0 70 322 134
0 69 60 316
0 68 571 144
0 67 522 63
0 66 250 234
0 65 551 373
0 64 343 467
0 63 511 111
0 62 60 475
0 61 125 271
0 59 557 356
0 58 529 197
0 57 435 29
0 56 221 113
0 55 582 146
0 53 221 83
0 52 155 35
0 51 244 329
0 50 216 322
0 48 331 112
0 47 114 75
0 46 426 466
0 45 339 303
0 44 459 269
0 43 498 337
0 42 438 54
0 41 230 51
0 40 539 455
0 39 8 398
0 38 167 319
0 37 299 413
0 36 270 210
0 35 556 163
0 34 275 395
0 33 610 37
0 32 566 17
0 30 530 70
0 28 558 426
0 27 261 62
0 26 148 149
0 24 281 182
0 23 355 53
0 22 238 89
0 18 40 293
0 15 233 149
0 14 49 378
0 12 399 406
0 9 528 353
0 8 454 148
0 7 303 408
0 5 251 114
0 4 539 177
0 3 537 304
0 2 399 247
0 1 456 275
0 0 131 438
1 299 194 399
1 298 388 212
1 297 215 11
1 296 417 391
1 294 403 261
1 293 174 254
1 292 415 262
1 291 581 61
1 290 618 110
1 289 420 229
1 287 161 445
1 285 251 189
1 284 541 264
1 281 214 462
1 280 444 273
1 279 179 281
1 276 434 147
1 275 440 314
1 274 501 335
1 273 501 0
1 272 305 414
1 269 126 235
1 268 13 104
1 267 99 245
1 266 309 104
1 265 14 324
1 264 462 284
1 263 520 66
1 262 30 473
1 261 159 207
1 260 64 445
1 259 304 60
1 257 510 148
1 255 438 111
1 254 179 202
1 253 307 463
1 252 605 313
1 251 309 151
1 250 36 308
1 249 527 25
1 248 291 200
1 246 460 254
1 244 627 465
1 243 531 378
1 242 572 75
1 240 50 298
1 239 65 74
1 237 525 83
1 235 107 344
1 234 250 454
1 233 589 198
1 232 526 42
1 230 439 157
1 229 569 459
1 227 208 401
1 226 551 120
1 224 495 130
1 223 186 184
1 221 348 313
1 220 205 106
1 219 379 28
1 218 340 418
1 217 227 341
1 214 150 209
1 213 495 275
1 212 346 206
1 211 47 178
1 210 394 59
1 209 109 393
1 208 438 473
1 207 359 142
1 206 66 5
1 205 162 389
1 203 204 309
1 202 278 319
1 201 498 228
1 200 536 67
1 198 101 373
1 196 317 271
1 195 182 311
1 192 79 280
1 191 236 346
1 189 59 455
1 188 592 407
1 187 454 176
1 186 385 35
1 184 201 243
1 183 559 328
1 181 347 183
1 180 0 450
1 176 173 478
1 175 335 391
1 174 180 295
1 171 455 359
1 169 40 368
1 168 66 296
1 167 472 74
1 166 434 331
1 165 471 339
1 164 174 103
1 163 191 327
1 162 514 239
1 160 188 68
1 155 108 10
1 154 70 110
1 153 142 425
1 152 50 324
1 151 515 329
1 147 391 220
1 145 581 33
1 144 544 22
1 141 55 387
1 140 540 92
1 139 328 418
1 136 593 264
1 135 217 288
1 134 502 291
1 133 336 125
1 132 278 261
1 130 135 397
1 129 24 201
1 128 427 247
1 126 171 201
1 125 490 51
1 123 269 192
1 122 487 161
1 121 230 189
1 119 106 233
1 117 262 311
1 116 81 330
1 115 338 13
1 114 152 404
1 113 72 283
1 111 321 257
1 109 98 253
1 108 103 339
1 107 49 2
1 106 207 477
1 105 212 470
1 103 523 300
1 101 424 388
1 100 247 312
1 99 197 109
1 97 457 390
1 95 501 145
1 94 508 162
1 93 568 335
1 92 439 52
1 91 480 406
1 90 417 420
1 89 87 73
1 88 481 425
1 87 242 241
1 85 269 243
1 84 203 191
1 82 450 328
1 80 607 192
1 78 17 123
1 77 492 107
1 76 279 170
1 75 52 310
1 74 206 407
1 72 408 87
1 71 254 80
1 70 322 118
1 69 61 300
1 68 570 126
1 67 525 47
1 66 250 218
1 65 551 355
1 64 343 449
1 63 511 96
1 62 60 461
1 61 125 255
1 60 50 478
1 59 557 338
1 58 530 180
1 57 435 12
1 56 222 99
1 55 582 130
1 53 221 67
1 52 155 18
1 51 244 310
1 50 216 307
1 48 331 94
1 47 113 59
1 46 427 451
1 45 339 286
1 44 459 253
1 43 498 321
1 42 437 36
1 41 230 32
1 40 539 440
1 39 8 382
1 38 166 302
1 37 299 397
1 36 270 195
1 35 555 146
1 34 276 380
1 33 613 21
1 32 567 1
1 30 530 54
1 28 557 410
1 27 261 45
1 26 148 131
1 24 281 166
1 23 355 37
1 22 238 71
1 20 208 476
1 18 42 278
1 15 233 135
1 14 46 361
1 12 400 391
1 9 530 334
1 8 454 133
1 7 301 391
1 5 251 100
1 4 540 160
1 3 537 289
1 2 398 232
1 1 456 257
1 0 131 419
2 299 194 383
2 298 389 195
2 296 416 373
2 294 403 245
2 293 175 239
2 292 414 245
2 291 581 45
2 290 618 94
2 289 420 213
2 287 162 426
2 285 252 174
2 284 540 247
2 281 213 446
2 280 444 255
2 279 176 264
2 276 432 133
2 275 440 299
2 274 500 320
2 272 304 398
2 269 126 218
2 268 11 85
2 267 98 230
2 266 309 87
2 265 12 307
2 264 462 266
2 263 520 46
2 262 29 456
2 261 160 191
2 260 63 429
2 259 304 44
2 257 511 131
2 255 436 94
2 254 179 186
2 253 307 448
2 252 604 299
2 251 309 136
2 250 34 292
2 249 527 9
2 248 291 185
2 246 460 238
2 245 543 478
2 244 627 451
2 243 532 361
2 242 572 60
2 240 49 284
2 239 65 58
2 237 524 66
2 235 106 327
2 234 249 437
2 233 589 186
2 232 526 23
2 230 439 142
2 229 569 444
2 227 207 385
2 226 552 101
2 224 496 114
2 223 188 167
2 221 347 297
2 220 205 90
2 219 379 12
2 218 340 402
2 217 226 325
2 214 151 192
2 213 493 259
2 212 345 189
2 211 48 160
2 210 396 40
2 209 111 376
2 208 438 457
2 207 358 125
2 205 162 374
2 203 204 294
2 202 279 301
2 201 497 212
2 200 536 49
2 198 102 357
2 196 318 256
2 195 182 294
2 192 79 260
2 191 236 330
2 189 61 438
2 188 591 390
2 187 452 158
2 186 385 19
2 184 201 224
2 183 559 312
2 181 346 169
2 180 1 438
2 176 173 464
2 175 334 376
2 174 180 280
2 171 455 344
2 169 39 352
2 168 65 279
2 167 472 60
2 166 433 315
2 165 472 323
2 164 174 84
2 163 190 308
2 162 512 219
2 160 189 53
2 154 70 93
2 153 142 408
2 152 49 305
2 151 514 312
2 147 391 203
2 145 579 14
2 144 544 6
2 141 55 370
2 140 540 75
2 139 328 400
2 138 85 472
2 136 594 247
2 135 217 269
2 134 502 275
2 133 335 108
2 132 278 244
2 130 134 382
2 129 24 184
2 128 426 231
2 126 169 184
2 125 489 37
2 123 270 178
2 122 488 147
2 121 228 174
2 119 105 217
2 117 262 295
2 116 81 313
2 114 152 389
2 113 73 266
2 111 323 242
2 109 98 239
2 108 104 321
2 106 206 460
2 105 212 455
2 103 519 285
2 101 423 368
2 100 247 296
2 99 198 92
2 98 287 471
2 97 457 372
2 95 501 128
2 94 508 146
2 93 567 319
2 92 438 36
2 91 480 391
2 90 417 405
2 89 87 55
2 88 481 408
2 87 243 223
2 85 270 227
2 84 204 175
2 82 451 311
2 80 608 175
2 78 17 107
2 77 490 90
2 76 279 152
2 75 53 291
2 74 206 393
2 72 407 72
2 71 253 65
2 70 323 102
2 69 61 285
2 68 570 109
2 67 524 31
2 66 250 200
2 65 551 337
2 64 342 435
2 63 511 84
2 62 59 445
2 61 126 240
2 60 50 463
2 59 557 324
2 58 531 163
2 56 221 85
2 55 582 113
2 54 482 465
2 53 222 51
2 52 156 1
2 51 245 293
2 50 217 292
2 48 331 78
2 47 114 45
2 46 425 433
2 45 338 270
2 44 459 237
2 43 498 304
2 42 438 19
2 41 228 15
2 40 540 422
2 39 7 365
2 38 166 289
2 37 299 380
2 36 270 178
2 35 554 129
2 34 275 365
2 33 615 4
2 30 528 39
2 28 558 395
2 27 261 29
2 26 148 116
2 25 29 472
2 24 281 149
2 23 356 20
2 22 237 56
2 20 206 459
2 19 357 471
2 18 42 263
2 17 501 470
2 16 361 466
2 15 233 118
2 14 49 347
2 12 400 374
2 9 530 317
2 8 452 116
2 7 303 376
2 5 251 84
2 4 540 144
2 3 538 274
2 2 398 219
2 1 456 242
2 0 132 405
3 299 195 367
3 298 388 179
3 296 417 356
3 294 403 228
3 293 175 221
3 292 415 228
3 291 581 28
3 290 618 75
3 289 419 197
3 287 162 411
3 285 253 155
3 284 541 234
3 281 214 429
3 280 446 239
3 279 178 248
3 276 432 116
3 275 440 283
3 274 501 304
3 272 305 381
3 269 126 202
3 268 11 66
3 267 99 214
3 266 309 71
3 265 13 290
3 264 462 249
3 263 519 29
3 262 30 440
3 261 159 173
3 260 64 411
3 259 304 27
3 257 510 114
3 255 437 78
3 254 178 171
3 253 306 433
3 252 603 284
3 251 309 121
3 250 36 275
3 248 291 170
3 246 460 222
3 245 543 463
3 244 627 436
3 243 532 345
3 242 572 44
3 240 49 268
3 239 65 41
3 237 525 50
3 235 106 308
3 234 249 419
3 233 589 167
3 232 527 7
3 231 174 475
3 230 439 126
3 229 569 425
3 227 207 369
3 226 551 82
3 224 496 99
3 223 188 150
3 221 348 279
3 220 205 73
3 218 340 387
3 217 226 310
3 214 150 175
3 213 494 241
3 212 345 173
3 211 47 143
3 210 396 22
3 209 109 359
3 208 438 440
3 207 358 108
3 205 161 358
3 203 204 276
3 202 279 286
3 201 496 196
3 200 536 32
3 198 102 341
3 196 317 242
3 195 182 278
3 192 79 242
3 191 237 314
3 189 61 423
3 188 592 374
3 187 453 142
3 186 385 3
3 184 202 207
3 183 559 295
3 181 347 154
3 180 0 419
3 176 172 448
3 175 334 359
3 174 180 263
3 171 456 326
3 169 40 338
3 168 66 263
3 167 472 43
3 166 435 299
3 165 472 308
3 164 174 67
3 163 191 290
3 162 514 205
3 160 188 38
3 159 105 478
3 154 70 78
3 153 141 391
3 152 50 290
3 151 514 295
3 147 391 186
3 143 179 464
3 141 55 354
3 140 540 59
3 139 330 385
3 138 85 457
3 136 594 231
3 135 216 253
3 134 501 259
3 133 335 90
3 132 277 225
3 130 134 366
3 129 24 168
3 128 426 215
3 127 42 469
3 126 169 169
3 125 490 22
3 123 268 161
3 122 486 128
3 121 228 157
3 119 105 201
3 117 262 282
3 116 81 297
3 114 153 374
3 113 73 249
3 111 323 225
3 110 493 466
3 109 98 223
3 108 105 305
3 106 207 444
3 105 212 435
3 103 521 267
3 101 423 349
3 100 246 281
3 99 198 77
3 98 288 455
3 97 457 355
3 95 500 112
3 94 508 130
3 93 568 303
3 92 439 21
3 91 480 374
3 90 416 390
3 89 85 38
3 88 482 394
3 87 243 206
3 86 461 464
3 85 270 209
3 84 205 160
3 82 450 294
3 80 607 159
3 78 18 92
3 77 490 74
3 76 279 134
3 75 52 275
3 74 206 373
3 72 407 55
3 71 255 50
3 70 323 86
3 69 60 269
3 68 570 91
3 67 523 15
3 66 250 184
3 65 551 320
3 64 343 418
3 63 511 69
3 62 60 430
3 61 125 222
3 60 49 446
3 59 557 309
3 58 528 148
3 56 221 69
3 55 581 96
3 54 483 446
3 53 223 37
3 51 244 276
3 50 216 276
3 48 331 60
3 47 114 30
3 46 428 418
3 45 339 251
3 44 459 221
3 43 498 289
3 42 438 2
3 40 539 407
3 39 7 349
3 38 166 274
3 37 299 363
3 36 270 163
3 35 555 111
3 34 275 349
3 30 531 20
3 29 590 478
3 28 558 378
3 27 261 12
3 26 148 98
3 25 29 455
3 24 281 132
3 23 354 2
3 22 238 37
3 20 206 444
3 19 357 455
3 18 43 248
3 17 502 453
3 16 361 447
3 15 232 103
3 14 49 332
3 12 400 358
3 9 530 301
3 8 453 102
3 7 303 360
3 5 252 70
3 4 539 129
3 3 536 259
3 2 398 204
3 1 456 227
3 0 132 388
4 299 194 350
4 298 388 161
4 296 418 337
4 294 403 212
4 293 175 203
4 292 415 212
4 291 582 11
4 290 617 57
4 289 420 180
4 287 163 394
4 285 253 138
4 284 541 217
4 281 212 411
4 280 444 223
4 279 178 231
4 276 432 101
4 275 440 268
4 274 500 288
4 272 305 368
4 269 126 184
4 268 12 50
4 267 98 199
4 266 308 54
4 265 9 274
4 264 461 232
4 263 519 13
4 262 29 424
4 261 159 157
4 260 62 400
4 259 304 12
4 257 510 98
4 255 438 61
4 254 178 155
4 253 308 417
4 252 604 269
4 251 309 105
4 250 36 258
4 248 291 154
4 246 460 208
4 245 543 446
4 244 626 420
4 243 532 327
4 242 572 28
4 240 48 253
4 239 65 24
4 237 524 33
4 235 104 291
4 234 248 402
4 233 589 152
4 231 174 460
4 230 439 109
4 229 570 411
4 227 207 354
4 226 551 65
4 224 496 82
4 223 188 133
4 221 347 264
4 220 205 57
4 218 341 374
4 217 226 294
4 214 149 158
4 213 493 224
4 212 345 157
4 211 48 126
4 210 396 4
4 209 111 342
4 208 438 423
4 207 358 91
4 205 162 343
4 203 204 259
4 202 280 270
4 201 497 181
4 200 536 14
4 198 103 326
4 196 319 227
4 195 184 262
4 194 154 463
4 192 79 223
4 191 236 300
4 189 61 408
4 188 592 358
4 187 453 123
4 184 201 189
4 183 559 279
4 181 346 139
4 180 0 404
4 179 542 469
4 176 173 433
4 175 335 343
4 174 180 247
4 171 455 310
4 169 40 323
4 168 66 247
4 167 473 29
4 166 434 284
4 165 472 292
4 164 174 47
4 163 190 271
4 162 513 188
4 160 188 25
4 159 105 461
4 154 70 63
4 153 142 375
4 152 49 271
4 151 514 280
4 148 504 464
4 147 391 169
4 143 178 446
4 141 55 337
4 140 540 43
4 139 330 368
4 138 85 442
4 136 594 216
4 135 217 234
4 134 502 244
4 133 336 72
4 132 279 208
4 130 135 350
4 129 22 153
4 128 427 198
4 127 43 454
4 126 169 152
4 125 489 5
4 123 269 146
4 122 488 112
4 121 228 141
4 119 103 185
4 117 262 266
4 116 80 281
4 114 152 358
4 113 72 232
4 111 323 210
4 110 492 450
4 109 98 208
4 108 104 289
4 106 207 427
4 105 212 418
4 103 521 252
4 101 423 331
4 100 248 267
4 99 197 61
4 98 287 438
4 97 455 337
4 95 501 95
4 94 508 115
4 93 568 287
4 92 438 6
4 91 479 357
4 90 417 373
4 89 87 18
4 88 481 379
4 87 242 188
4 86 460 447
4 85 269 194
4 84 204 146
4 82 449 277
4 80 607 143
4 78 16 76
4 77 490 57
4 76 279 116
4 75 53 258
4 74 206 355
4 73 369 466
4 72 406 40
4 71 254 35
4 70 322 70
4 69 60 253
4 68 571 75
4 67 524 0
4 66 250 168
4 65 551 300
4 64 343 403
4 63 511 54
4 62 59 413
4 61 125 205
4 60 50 434
4 59 558 294
4 58 529 130
4 56 221 55
4 55 582 79
4 54 483 429
4 53 221 18
4 51 244 258
4 50 217 262
4 48 332 44
4 47 114 13
4 46 427 402
4 45 339 234
4 44 459 205
4 43 497 272
4 40 539 391
4 39 8 333
4 38 166 257
4 37 298 346
4 36 268 147
4 35 555 94
4 34 275 334
4 31 221 471
4 30 530 6
4 29 590 463
4 28 558 361
4 26 147 80
4 25 30 440
4 24 281 116
4 22 238 19
4 21 0 465
4 20 207 429
4 19 358 442
4 18 42 233
4 17 500 436
4 16 361 432
4 15 233 87
4 14 48 315
4 12 398 342
4 9 531 283
4 8 455 86
4 7 303 345
4 6 326 477
4 5 251 54
4 4 541 112
4 3 537 243
4 2 399 188
4 1 456 211
4 0 131 372
5 299 194 333
5 298 387 147
5 296 418 321
5 294 401 194
5 293 173 188
5 292 415 196
5 290 618 41
5 289 420 165
5 287 163 378
5 285 251 122
5 284 541 202
5 281 213 396
5 280 443 205
5 279 179 214
5 277 33 476
5 276 432 85
5 275 440 253
5 274 500 273
5 272 305 348
5 269 126 169
5 268 11 34
5 267 98 184
5 266 311 37
5 265 12 258
5 264 463 212
5 262 31 407
5 261 159 139
5 260 64 381
5 257 510 81
5 255 438 44
5 254 179 139
5 253 307 403
5 252 605 254
5 251 311 90
5 250 35 239
5 248 291 139
5 246 459 191
5 245 543 431
5 244 627 404
5 243 532 310
5 242 572 12
5 240 49 238
5 239 65 7
5 237 526 17
5 236 425 469
5 235 109 273
5 234 251 385
5 233 589 136
5 231 173 446
5 230 439 93
5 229 570 396
5 227 207 339
5 226 552 47
5 224 495 66
5 223 188 116
5 221 348 249
5 220 205 41
5 218 340 359
5 217 226 278
5 214 149 141
5 213 494 206
5 212 345 141
5 211 48 109
5 209 110 325
5 208 438 406
5 207 357 75
5 205 162 329
5 203 204 242
5 202 279 253
5 201 496 164
5 198 102 309
5 196 318 212
5 195 182 246
5 194 154 446
5 192 79 202
5 191 235 283
5 189 62 393
5 188 592 341
5 187 453 106
5 184 201 173
5 183 559 263
5 181 346 123
5 180 0 386
5 179 543 454
5 176 174 418
5 175 335 326
5 174 180 230
5 171 455 293
5 169 40 308
5 168 67 231
5 167 472 13
5 166 434 267
5 165 472 275
5 164 174 30
5 163 191 254
5 162 514 172
5 160 188 11
5 159 105 444
5 154 70 48
5 153 142 358
5 152 52 255
5 151 514 262
5 150 410 475
5 148 504 447
5 147 390 153
5 143 179 431
5 141 56 321
5 140 539 27
5 139 328 351
5 138 85 426
5 136 594 199
5 135 217 217
5 134 502 229
5 133 335 55
5 132 278 191
5 131 147 465
5 130 133 333
5 129 24 135
5 128 427 183
5 127 41 438
5 126 170 135
5 123 269 131
5 122 487 94
5 121 229 124
5 119 104 168
5 117 261 251
5 116 81 265
5 114 152 343
5 113 73 217
5 112 219 476
5 111 323 194
5 110 492 433
5 109 97 193
5 108 105 273
5 106 207 410
5 105 212 401
5 103 521 235
5 101 423 310
5 100 247 250
5 99 197 46
5 98 287 424
5 97 455 320
5 95 500 78
5 94 509 99
5 93 568 272
5 91 480 341
5 90 417 359
5 89 87 2
5 88 481 363
5 87 243 172
5 86 460 429
5 85 268 179
5 84 204 129
5 82 450 261
5 80 607 127
5 78 17 59
5 77 489 41
5 76 279 99
5 75 52 241
5 74 206 336
5 73 369 450
5 72 407 22
5 71 254 20
5 70 322 54
5 69 61 238
5 68 570 56
5 66 251 150
5 65 552 282
5 64 342 387
5 63 512 40
5 62 58 397
5 61 125 185
5 60 50 418
5 59 557 278
5 58 529 114
5 56 222 40
5 55 583 61
5 54 483 412
5 53 221 3
5 51 244 241
5 50 216 248
5 48 331 29
5 46 427 386
5 45 338 217
5 44 459 188
5 43 498 253
5 40 539 374
5 39 8 317
5 38 166 242
5 37 298 329
5 36 270 132
5 35 554 77
5 34 275 319
5 31 220 456
5 29 590 446
5 28 558 348
5 26 148 63
5 25 29 425
5 24 280 99
5 22 237 4
5 20 208 413
5 19 356 427
5 18 42 217
5 17 501 419
5 16 361 414
5 15 233 73
5 14 49 300
5 12 400 327
5 11 497 474
5 9 530 266
5 8 454 70
5 7 302 329
5 6 324 462
5 5 252 39
5 4 540 97
5 3 537 229
5 2 397 176
5 1 456 196
5 0 130 355
6 299 194 317
6 298 388 131
6 296 419 303
6 294 403 178
6 293 175 170
6 292 415 179
6 290 617 24
6 289 420 150
6 287 162 360
6 285 254 104
6 284 541 186
6 281 213 380
6 280 442 188
6 279 180 200
6 277 31 459
6 276 432 68
6 275 440 237
6 274 500 256
6 272 304 332
6 269 126 152
6 268 10 16
6 267 98 169
6 266 309 20
6 265 12 242
6 264 462 195
6 262 30 391
6 261 158 124
6 260 63 366
6 257 510 65
6 255 436 27
6 254 179 124
6 253 307 387
6 252 604 240
6 251 309 75
6 250 36 224
6 248 292 123
6 246 460 175
6 245 542 416
6 244 627 388
6 243 532 293
6 240 49 224
6 237 525 0
6 236 425 449
6 235 106 255
6 234 249 369
6 233 589 121
6 231 173 430
6 230 439 77
6 229 569 380
6 227 207 323
6 226 551 29
6 224 496 51
6 223 187 99
6 221 348 233
6 220 205 24
6 218 339 344
6 217 226 263
6 214 150 124
6 213 494 189
6 212 345 124
6 211 47 92
6 209 110 308
6 208 438 388
6 207 357 57
6 205 163 314
6 203 204 226
6 202 279 236
6 201 497 148
6 198 102 293
6 196 316 198
6 195 181 230
6 194 156 429
6 192 78 186
6 191 236 270
6 189 62 374
6 188 591 327
6 187 452 90
6 184 201 154
6 183 559 246
6 181 346 107
6 180 0 369
6 179 543 436
6 176 173 403
6 175 335 310
6 174 179 214
6 171 455 278
6 169 40 292
6 168 66 214
6 166 435 251
6 165 471 262
6 164 174 12
6 163 191 236
6 162 514 156
6 159 104 427
6 154 69 33
6 153 143 341
6 152 50 237
6 151 513 248
6 150 411 460
6 148 504 429
6 147 390 136
6 143 180 415
6 141 54 303
6 140 539 11
6 139 328 335
6 138 84 412
6 136 594 184
6 135 217 200
6 134 502 212
6 133 335 36
6 132 278 172
6 131 148 447
6 130 135 316
6 129 24 119
6 128 427 166
6 127 43 424
6 126 168 122
6 123 269 116
6 122 487 78
6 121 228 106
6 119 105 152
6 117 263 237
6 116 81 249
6 114 152 328
6 113 72 199
6 112 219 461
6 111 323 178
6 110 491 419
6 109 98 177
6 108 105 256
6 106 207 394
6 105 212 382
6 103 520 219
6 101 422 290
6 100 248 235
6 99 197 30
6 98 287 408
6 97 458 300
6 95 502 62
6 94 509 85
6 93 567 254
6 91 482 324
6 90 417 343
6 88 481 350
6 87 243 153
6 86 460 411
6 85 269 162
6 84 205 114
6 82 451 242
6 80 606 112
6 78 16 45
6 77 490 24
6 76 278 81
6 75 52 221
6 74 206 319
6 73 370 432
6 72 407 8
6 71 254 5
6 70 322 36
6 69 60 225
6 68 569 40
6 66 250 134
6 65 551 264
6 64 343 368
6 63 510 27
6 62 60 380
6 61 125 172
6 60 50 401
6 59 558 262
6 58 529 96
6 56 221 24
6 55 582 43
6 54 482 395
6 51 244 225
6 50 216 232
6 48 330 12
6 46 428 369
6 45 339 201
6 44 458 173
6 43 497 240
6 40 539 356
6 39 8 302
6 38 164 226
6 37 299 311
6 36 269 118
6 35 555 59
6 34 276 304
6 31 221 439
6 29 590 430
6 28 557 332
6 26 148 46
6 25 29 410
6 24 281 82
6 20 207 400
6 19 357 410
6 18 42 201
6 17 501 402
6 16 362 397
6 15 233 56
6 14 48 284
6 12 400 309
6 11 496 457
6 9 528 249
6 8 454 54
6 7 303 315
6 6 324 446
6 5 249 24
6 4 541 79
6 3 538 213
6 2 398 161
6 1 456 181
6 0 131 338
7 299 194 301
7 298 388 117
7 296 418 285
7 294 403 162
7 293 173 155
7 292 414 164
7 290 618 6
7 289 422 135
7 287 162 343
7 285 254 89
7 284 541 170
7 281 213 364
7 280 444 170
7 279 178 180
7 277 32 443
7 276 432 53
7 275 438 220
7 274 499 241
7 272 304 316
7 269 125 133
7 268 12 0
7 267 98 154
7 266 309 4
7 265 12 226
7 264 462 176
7 262 31 375
7 261 158 107
7 260 64 350
7 257 510 47
7 255 438 10
7 254 179 108
7 253 306 372
7 252 604 225
7 251 309 57
7 250 36 209
7 248 291 108
7 246 460 160
7 245 543 399
7 244 627 371
7 243 532 276
7 240 49 209
7 236 425 431
7 235 106 238
7 234 250 348
7 233 589 104
7 231 174 414
7 230 439 63
7 229 569 362
7 227 207 308
7 226 551 11
7 224 496 34
7 223 189 83
7 221 347 217
7 220 205 7
7 218 340 329
7 217 225 247
7 214 152 107
7 213 494 173
7 212 345 108
7 211 48 76
7 209 110 291
7 208 436 372
7 207 359 39
7 205 163 300
7 203 204 209
7 202 280 217
7 201 497 131
7 198 101 278
7 196 317 184
7 195 182 214
7 194 154 413
7 192 78 167
7 191 236 257
7 189 61 361
7 188 592 309
7 187 453 71
7 184 201 138
7 183 559 230
7 181 345 93
7 180 1 353
7 179 543 419
7 176 172 388
7 175 334 293
7 174 180 200
7 171 455 260
7 169 40 277
7 168 66 198
7 166 433 235
7 165 472 245
7 163 191 218
7 162 514 139
7 159 106 410
7 154 71 16
7 153 142 325
7 152 50 220
7 151 514 231
7 150 411 443
7 148 503 411
7 147 391 119
7 143 178 398
7 141 55 288
7 139 329 320
7 138 85 396
7 136 593 169
7 135 216 182
7 134 503 197
7 133 336 20
7 132 277 156
7 131 147 428
7 130 135 300
7 129 23 102
7 128 427 150
7 127 42 410
7 126 170 105
7 123 269 100
7 122 487 62
7 121 226 91
7 119 105 136
7 117 262 222
7 116 80 235
7 114 152 313
7 113 73 182
7 112 219 444
7 111 323 163
7 110 492 402
7 109 98 164
7 108 105 239
7 106 207 375
7 105 212 366
7 103 522 203
7 101 422 273
7 100 247 219
7 99 197 16
7 98 286 393
7 97 457 284
7 95 500 45
7 94 509 68
7 93 567 239
7 91 480 308
7 90 417 327
7 88 480 332
7 87 242 134
7 86 460 393
7 85 268 146
7 84 204 99
7 82 452 228
7 80 607 96
7 78 16 29
7 77 490 8
7 76 279 63
7 75 52 206
7 74 206 301
7 73 369 414
7 70 322 22
7 69 60 205
7 68 570 23
7 66 252 116
7 65 551 246
7 64 343 353
7 63 511 13
7 62 61 364
7 61 125 154
7 60 50 386
7 59 558 246
7 58 531 79
7 56 221 11
7 55 582 27
7 54 483 378
7 51 244 205
7 50 216 217
7 46 427 354
7 45 339 184
7 44 459 158
7 43 498 225
7 40 538 341
7 39 8 284
7 38 166 211
7 37 299 294
7 36 270 100
7 35 554 42
7 34 276 290
7 31 221 424
7 29 590 414
7 28 558 315
7 26 146 29
7 25 29 395
7 24 282 65
7 21 1 414
7 20 205 383
7 19 357 393
7 18 41 187
7 17 501 385
7 16 363 379
7 15 233 41
7 14 49 269
7 12 400 294
7 11 498 439
7 9 530 232
7 8 454 38
7 7 303 298
7 6 323 430
7 5 251 7
7 4 540 64
7 3 537 198
7 2 398 146
7 1 456 165
7 0 131 322
8 299 195 285
8 298 388 99
8 296 418 268
8 294 403 145
8 293 175 138
8 292 415 147
8 289 420 118
8 287 161 326
8 285 253 72
8 284 540 155
8 281 213 347
8 280 444 155
8 279 178 165
8 277 33 427
8 276 432 37
8 275 440 207
8 274 500 226
8 272 305 299
8 269 126 116
8 267 98 137
8 265 12 209
8 264 462 158
8 262 29 358
8 261 159 90
8 260 64 332
8 257 510 32
8 254 181 93
8 253 306 357
8 252 604 209
8 251 309 45
8 250 36 191
8 248 291 92
8 246 460 144
8 245 543 382
8 244 627 357
8 243 530 261
8 240 50 195
8 236 425 413
8 235 106 219
8 234 249 334
8 233 587 89
8 231 176 399
8 230 439 45
8 229 570 348
8 227 207 292
8 224 496 18
8 223 188 65
8 221 347 202
8 218 340 315
8 217 225 232
8 214 151 90
8 213 495 154
8 212 345 93
8 211 48 59
8 209 110 274
8 208 438 356
8 207 358 24
8 205 162 285
8 203 203 192
8 202 279 202
8 201 497 118
8 198 103 262
8 196 319 170
8 195 181 197
8 194 154 396
8 192 79 148
8 191 236 240
8 189 61 344
8 188 592 291
8 187 453 54
8 184 200 119
8 183 559 213
8 181 345 78
8 180 0 337
8 179 543 402
8 176 172 373
8 175 335 277
8 174 181 181
8 171 455 245
8 169 39 261
8 168 67 183
8 166 435 219
8 165 470 229
8 163 191 199
8 162 514 123
8 159 105 394
8 154 70 1
8 153 142 309
8 152 50 203
8 151 514 214
8 150 411 428
8 148 505 394
8 147 391 101
8 143 178 383
8 141 57 271
8 139 328 302
8 138 85 381
8 136 594 155
8 135 216 163
8 134 503 181
8 133 333 4
8 132 278 139
8 131 147 414
8 130 133 283
8 129 23 86
8 128 427 135
8 127 42 392
8 126 170 90
8 123 269 85
8 122 486 45
8 121 228 74
8 119 107 120
8 117 262 207
8 116 81 217
8 114 152 298
8 113 73 167
8 112 220 428
8 111 324 147
8 110 492 386
8 109 97 148
8 108 105 223
8 106 207 360
8 105 213 347
8 103 522 186
8 101 424 254
8 100 247 205
8 99 198 0
8 98 287 377
8 97 456 265
8 95 501 27
8 94 507 52
8 93 567 223
8 91 481 291
8 90 417 311
8 88 482 318
8 87 243 116
8 86 458 376
8 85 269 131
8 84 204 85
8 82 450 212
8 80 608 79
8 78 19 15
8 76 278 46
8 75 53 188
8 74 206 284
8 73 369 398
8 70 322 6
8 69 60 189
8 68 570 6
8 66 250 99
8 65 551 228
8 64 344 337
8 62 61 349
8 61 125 138
8 60 50 371
8 59 557 231
8 58 529 61
8 55 582 11
8 54 482 361
8 51 246 189
8 50 216 202
8 46 427 336
8 45 340 167
8 44 459 141
8 43 498 209
8 40 539 322
8 39 8 268
8 38 166 197
8 37 298 278
8 36 270 85
8 35 556 24
8 34 275 274
8 31 221 407
8 29 590 398
8 28 556 299
8 26 147 11
8 25 30 380
8 24 280 47
8 21 1 396
8 20 207 369
8 19 357 379
8 18 42 172
8 17 501 369
8 16 361 363
8 15 233 25
8 14 49 254
8 12 400 278
8 11 497 423
8 9 530 213
8 8 455 23
8 7 303 283
8 6 324 414
8 4 540 49
8 3 537 183
8 2 401 131
8 1 456 150
8 0 131 306
9 299 194 268
9 298 389 82
9 296 419 250
9 294 403 129
9 293 175 121
9 292 415 130
9 289 420 102
9 287 162 309
9 285 253 55
9 284 541 139
9 281 215 332
9 280 444 138
9 279 178 148
9 277 32 409
9 276 432 21
9 275 440 190
9 274 500 209
9 272 305 284
9 269 127 98
9 267 98 123
9 265 12 191
9 264 462 138
9 262 31 342
9 261 159 74
9 260 64 316
9 257 510 15
9 254 178 76
9 253 307 342
9 252 603 195
9 251 310 28
9 250 36 173
9 248 291 77
9 246 459 129
9 245 543 367
9 244 626 340
9 243 530 243
9 240 49 180
9 236 425 393
9 235 107 203
9 234 249 316
9 233 589 73
9 231 174 385
9 230 439 29
9 229 569 331
9 227 205 277
9 224 496 4
9 223 189 47
9 221 347 186
9 218 340 300
9 217 225 216
9 214 148 75
9 213 495 138
9 212 346 77
9 211 47 41
9 209 110 256
9 208 438 338
9 207 358 7
9 205 162 269
9 203 204 175
9 202 279 186
9 201 496 101
9 198 102 246
9 196 316 154
9 195 182 182
9 194 154 379
9 192 79 130
9 191 236 225
9 189 61 328
9 188 592 276
9 187 453 36
9 184 200 101
9 183 559 197
9 181 346 60
9 180 0 319
9 179 543 385
9 176 173 359
9 175 335 261
9 174 180 164
9 171 455 229
9 169 40 248
9 168 65 165
9 166 433 203
9 165 472 213
9 163 192 181
9 162 513 106
9 159 106 376
9 153 140 292
9 152 50 185
9 151 515 198
9 150 410 412
9 148 504 374
9 147 392 84
9 143 179 367
9 141 55 257
9 139 327 287
9 138 85 368
9 136 594 138
9 135 217 147
9 134 501 164
9 132 278 122
9 131 147 398
9 130 135 267
9 129 25 70
9 128 427 119
9 127 43 377
9 126 171 74
9 123 269 70
9 122 486 30
9 121 228 57
9 119 105 103
9 117 260 192
9 116 81 200
9 114 153 282
9 113 73 150
9 112 221 412
9 111 323 131
9 110 492 370
9 109 98 133
9 108 105 207
9 106 207 342
9 105 212 331
9 103 520 171
9 101 422 235
9 100 247 189
9 98 287 360
9 97 457 248
9 95 501 9
9 94 508 36
9 93 567 208
9 91 480 275
9 90 417 296
9 88 481 303
9 87 243 100
9 86 460 357
9 85 270 114
9 84 204 71
9 82 450 195
9 80 605 63
9 76 279 28
9 75 54 170
9 74 206 266
9 73 370 381
9 69 60 174
9 66 250 83
9 65 551 210
9 64 343 320
9 62 59 334
9 61 126 124
9 60 51 356
9 59 557 216
9 58 529 45
9 54 483 344
9 51 244 172
9 50 217 186
9 46 427 320
9 45 339 150
9 44 459 126
9 43 498 192
9 40 538 308
9 39 8 252
9 38 166 178
9 37 299 261
9 36 269 69
9 35 555 7
9 34 275 258
9 31 223 392
9 29 590 382
9 28 558 283
9 25 29 365
9 24 281 32
9 20 208 352
9 19 357 362
9 18 43 157
9 17 503 351
9 16 361 346
9 15 233 10
9 14 49 236
9 12 400 262
9 11 497 406
9 9 529 198
9 8 453 8
9 7 303 267
9 6 327 398
9 4 540 33
9 3 536 169
9 2 398 118
9 1 456 134
9 0 131 287
